0 0.328125 0.49843750000000003 0.178125 0.55
0 0.83203125 0.5796875 0.2515625 0.68125
0 0.15937500000000002 0.4921875 0.15000000000000002 0.484375
0 0.534375 0.6328125 0.240625 0.146875
0 0.5320312500000001 0.4734375 0.1453125 0.17500000000000002
0 0.7601562500000001 0.46328125000000003 0.1171875 0.3828125
0 0.540625 0.92578125 0.253125 0.1421875
1 0.8484375000000001 0.28203125 0.109375 0.08281250000000001
1 0.7546875000000001 0.3015625 0.05625 0.059375000000000004
1 0.2234375 0.26875 0.059375000000000004 0.05
1 0.44140625 0.5953125 0.051562500000000004 0.065625
1 0.4765625 0.4109375 0.037500000000000006 0.043750000000000004
1 0.3359375 0.2609375 0.09062500000000001 0.07500000000000001
1 0.18281250000000002 0.27968750000000003 0.06875 0.05625
5 0.1625 0.7203125 0.06875 0.03125
5 0.3515625 0.7515625 0.07500000000000001 0.040625
6 0.8539062500000001 0.5109375 0.20468750000000002 0.340625
6 0.146875 0.41718750000000004 0.13125 0.21250000000000002
6 0.3171875 0.40937500000000004 0.15625 0.23125
6 0.5453125 0.6062500000000001 0.1875 0.08125
6 0.5484375 0.44140625 0.10312500000000001 0.0890625
6 0.7601562500000001 0.4109375 0.08281250000000001 0.146875
6 0.5484375 0.9421875000000001 0.18125000000000002 0.08125
1 0.44140625 0.9546875 0.0421875 0.078125
