0 0.6195312500000001 0.5437500000000001 0.13593750000000002 0.44375000000000003
0 0.33906250000000004 0.61875 0.234375 0.7562500000000001
0 0.46718750000000003 0.5390625 0.22812500000000002 0.503125
0 0.17265625 0.5265625 0.1796875 0.5
1 0.4078125 0.3140625 0.06875 0.05
1 0.1609375 0.31015625 0.08125 0.06406250000000001
1 0.31093750000000003 0.28125 0.10625000000000001 0.078125
1 0.62890625 0.34765625 0.06406250000000001 0.051562500000000004
5 0.46406250000000004 0.7734375 0.043750000000000004 0.034375
5 0.3796875 0.7671875 0.028125 0.028125
5 0.6421875 0.75390625 0.034375 0.0234375
5 0.5890625 0.7515625 0.028125 0.025
