0 0.328125 0.5703125 0.19375 0.659375
0 0.5164062500000001 0.5515625000000001 0.19843750000000002 0.628125
0 0.6953125 0.540625 0.1875 0.61875
1 0.6820312500000001 0.2578125 0.08281250000000001 0.053125000000000006
1 0.3515625 0.27265625 0.078125 0.060937500000000006
1 0.52265625 0.2671875 0.0765625 0.05625
5 0.5789062500000001 0.84375 0.035937500000000004 0.040625
5 0.4890625 0.8265625000000001 0.065625 0.034375
5 0.31328125 0.8765625 0.0671875 0.040625
5 0.6390625000000001 0.8265625000000001 0.07500000000000001 0.034375
5 0.7039062500000001 0.83203125 0.035937500000000004 0.035937500000000004
5 0.359375 0.8421875000000001 0.06875 0.034375
