0 0.34375 0.6640625 0.06875 0.215625
0 0.08203125 0.6421875 0.0546875 0.15000000000000002
0 0.2421875 0.64453125 0.053125000000000006 0.1265625
0 0.33906250000000004 0.9359375000000001 0.059375000000000004 0.125
0 0.64453125 0.4078125 0.0578125 0.1625
1 0.34375 0.5703125 0.028125 0.025
1 0.08515625 0.5796875 0.0234375 0.021875000000000002
1 0.6578125 0.33828125000000003 0.021875000000000002 0.0171875
1 0.2328125 0.5890625 0.018750000000000003 0.018750000000000003
5 0.3203125 0.7578125 0.018750000000000003 0.025
5 0.3515625 0.7578125 0.018750000000000003 0.025
7 0.34140625 0.671875 0.0703125 0.15937500000000002
7 0.08203125 0.6531250000000001 0.051562500000000004 0.12187500000000001
7 0.23828125 0.6507812500000001 0.045312500000000006 0.09843750000000001
6 0.6507812500000001 0.390625 0.0484375 0.07500000000000001
