0 0.53125 0.6609375000000001 0.1375 0.4
0 0.7445312500000001 0.64765625 0.1796875 0.4421875
0 0.22890625 0.6234375000000001 0.1390625 0.42500000000000004
0 0.30000000000000004 0.6140625000000001 0.09062500000000001 0.415625
0 0.38828125 0.6578125 0.15156250000000002 0.465625
0 0.6734375 0.6570312500000001 0.1 0.4109375
1 0.5476562500000001 0.484375 0.0578125 0.043750000000000004
1 0.37031250000000004 0.44843750000000004 0.0625 0.046875
1 0.7546875000000001 0.45390625 0.07500000000000001 0.0546875
1 0.6921875000000001 0.4734375 0.059375000000000004 0.043750000000000004
1 0.25390625 0.43281250000000004 0.060937500000000006 0.043750000000000004
1 0.29453125 0.4234375 0.045312500000000006 0.034375
5 0.54140625 0.84765625 0.0484375 0.026562500000000003
5 0.39375000000000004 0.87265625 0.037500000000000006 0.0390625
5 0.49531250000000004 0.8390625 0.025 0.03125
5 0.66328125 0.8453125 0.026562500000000003 0.034375
5 0.30390625000000004 0.8070312500000001 0.0203125 0.0234375
