0 0.49140625000000004 0.6203125 0.4234375 0.39687500000000003
0 0.1640625 0.46953125 0.10312500000000001 0.19843750000000002
0 0.609375 0.48750000000000004 0.25 0.278125
1 0.48203125 0.46718750000000003 0.1046875 0.09062500000000001
1 0.5265625 0.40156250000000004 0.084375 0.096875
1 0.1765625 0.3828125 0.03125 0.021875000000000002
5 0.41718750000000004 0.7515625 0.12812500000000002 0.13125
7 0.4453125 0.61875 0.33437500000000003 0.24375000000000002
7 0.1703125 0.46328125000000003 0.08125 0.1328125
7 0.6453125000000001 0.4546875 0.20625000000000002 0.18125000000000002
