0 0.171 0.4492537313432836 0.166 0.6477611940298508
0 0.8320000000000001 0.49402985074626865 0.188 0.7194029850746269
0 0.648 0.42835820895522386 0.112 0.4925373134328358
0 0.352 0.4537313432835821 0.152 0.6507462686567165
0 0.759 0.44776119402985076 0.11800000000000001 0.5432835820895523
0 0.506 0.5268656716417911 0.156 0.808955223880597
1 0.179 0.15074626865671642 0.054 0.056716417910447764
1 0.644 0.21194029850746268 0.044 0.05373134328358209
1 0.329 0.16268656716417912 0.058 0.06865671641791045
1 0.47400000000000003 0.16865671641791044 0.07200000000000001 0.08656716417910448
1 0.835 0.16865671641791044 0.07 0.06865671641791045
1 0.79 0.20298507462686569 0.044 0.05373134328358209
5 0.768 0.7895522388059701 0.06 0.03880597014925373
5 0.135 0.7522388059701492 0.042 0.041791044776119404
5 0.841 0.8313432835820895 0.03 0.03880597014925373
5 0.23900000000000002 0.7179104477611941 0.026000000000000002 0.03880597014925373
5 0.723 0.7014925373134329 0.046 0.029850746268656716
5 0.466 0.8597014925373134 0.048 0.06567164179104477
5 0.502 0.8985074626865672 0.048 0.05373134328358209
5 0.34400000000000003 0.7373134328358208 0.048 0.041791044776119404
5 0.386 0.7597014925373134 0.024 0.03880597014925373
5 0.646 0.6582089552238806 0.028 0.03283582089552239
7 0.17500000000000002 0.47761194029850745 0.162 0.5194029850746269
7 0.762 0.4835820895522388 0.108 0.44776119402985076
