0 0.25 0.584070796460177 0.4 0.8259587020648967
0 0.551 0.6047197640117994 0.262 0.6725663716814159
0 0.066 0.6460176991150443 0.132 0.6371681415929203
0 0.375 0.6017699115044248 0.106 0.471976401179941
1 0.277 0.2551622418879056 0.14200000000000002 0.16814159292035397
1 0.362 0.39233038348082594 0.06 0.058997050147492625
1 0.644 0.32890855457227136 0.07200000000000001 0.12094395280235988
1 0.082 0.36283185840707965 0.068 0.07079646017699115
2 0.125 0.4646017699115044 0.066 0.1327433628318584
2 0.424 0.4498525073746313 0.04 0.07964601769911504
2 0.45 0.41150442477876104 0.06 0.07964601769911504
5 0.047 0.911504424778761 0.054 0.10029498525073746
5 0.106 0.8539823008849557 0.044 0.05014749262536873
5 0.639 0.9218289085545722 0.058 0.038348082595870206
5 0.355 0.8008849557522124 0.034 0.032448377581120944
5 0.40800000000000003 0.8156342182890856 0.032 0.04424778761061947
7 0.544 0.612094395280236 0.244 0.616519174041298
7 0.23900000000000002 0.6460176991150443 0.374 0.696165191740413
