0 0.308 0.72 0.16 0.5546666666666666
0 0.051000000000000004 0.708 0.10200000000000001 0.5733333333333334
0 0.533 0.6719999999999999 0.11 0.44266666666666665
0 0.65 0.652 0.1 0.3813333333333333
0 0.802 0.632 0.096 0.36266666666666664
0 0.715 0.608 0.07 0.304
1 0.312 0.46799999999999997 0.06 0.050666666666666665
1 0.043000000000000003 0.45599999999999996 0.08600000000000001 0.064
1 0.532 0.472 0.04 0.042666666666666665
1 0.808 0.46799999999999997 0.036000000000000004 0.034666666666666665
1 0.704 0.476 0.032 0.034666666666666665
1 0.729 0.476 0.03 0.034666666666666665
1 0.649 0.484 0.03 0.04
1 0.765 0.48 0.022 0.026666666666666665
2 0.313 0.728 0.03 0.042666666666666665
5 0.558 0.828 0.028 0.04533333333333333
5 0.36 0.94 0.052000000000000005 0.06666666666666667
5 0.505 0.872 0.05 0.032
5 0.684 0.7919999999999999 0.028 0.048
5 0.787 0.776 0.026000000000000002 0.016
5 0.8190000000000001 0.8039999999999999 0.026000000000000002 0.018666666666666665
5 0.618 0.828 0.028 0.029333333333333333
5 0.255 0.992 0.054 0.010666666666666666
5 0.757 0.724 0.014 0.018666666666666665
5 0.72 0.748 0.024 0.029333333333333333
6 0.041 0.66 0.08600000000000001 0.296
6 0.3 0.652 0.108 0.25866666666666666
6 0.53 0.6 0.092 0.18133333333333332
6 0.639 0.6 0.07 0.14933333333333332
6 0.707 0.576 0.054 0.13333333333333333
6 0.809 0.576 0.058 0.13333333333333333
