0 0.6578125 0.5953125 0.140625 0.55
0 0.08203125 0.6062500000000001 0.1453125 0.5593750000000001
0 0.8859375 0.6234375000000001 0.146875 0.7250000000000001
0 0.5328125 0.5921875 0.13125 0.55
0 0.2328125 0.5765625 0.115625 0.49062500000000003
0 0.353125 0.58828125 0.13125 0.5859375
5 0.884375 0.9625 0.0625 0.046875
5 0.8445312500000001 0.9078125 0.0578125 0.034375
5 0.2765625 0.796875 0.025 0.034375
5 0.1328125 0.8328125000000001 0.043750000000000004 0.025
5 0.38593750000000004 0.84765625 0.025 0.035937500000000004
5 0.2265625 0.8046875 0.037500000000000006 0.03125
5 0.56953125 0.85078125 0.0234375 0.029687500000000002
5 0.07968750000000001 0.8703125 0.028125 0.028125
5 0.50703125 0.8203125 0.0390625 0.07187500000000001
5 0.67578125 0.84765625 0.0390625 0.0390625
5 0.33906250000000004 0.8609375 0.025 0.037500000000000006
5 0.6484375 0.84765625 0.034375 0.0421875
