0 0.866 0.6772727272727272 0.152 0.6393939393939394
0 0.71 0.6833333333333333 0.156 0.6272727272727273
0 0.937 0.6863636363636364 0.114 0.6212121212121212
0 0.311 0.503030303030303 0.08600000000000001 0.2545454545454545
0 0.747 0.49696969696969695 0.11800000000000001 0.3939393939393939
0 0.788 0.4439393939393939 0.084 0.20909090909090908
0 0.9550000000000001 0.5666666666666667 0.08600000000000001 0.46060606060606063
0 0.9550000000000001 0.4772727272727273 0.08600000000000001 0.2818181818181818
0 0.54 0.4984848484848485 0.124 0.30606060606060603
0 0.54 0.6681818181818182 0.124 0.6454545454545455
0 0.371 0.4575757575757576 0.066 0.2545454545454545
1 0.9380000000000001 0.3560606060606061 0.048 0.03939393939393939
1 0.72 0.32727272727272727 0.064 0.05454545454545454
1 0.294 0.41515151515151516 0.056 0.07272727272727272
1 0.856 0.396969696969697 0.092 0.07878787878787878
1 0.456 0.37575757575757573 0.064 0.07878787878787878
1 0.705 0.4075757575757576 0.082 0.07575757575757576
1 0.911 0.41515151515151516 0.042 0.07878787878787878
1 0.362 0.36666666666666664 0.04 0.07272727272727272
1 0.77 0.36515151515151517 0.048 0.051515151515151514
1 0.404 0.36363636363636365 0.06 0.07878787878787878
1 0.52 0.38484848484848483 0.07200000000000001 0.07272727272727272
1 0.491 0.35454545454545455 0.042 0.05454545454545454
