0 0.7394678492239468 0.19166666666666668 0.11751662971175167 0.37000000000000005
0 0.23059866962305986 0.42333333333333334 0.1197339246119734 0.28
0 0.5543237250554324 0.2866666666666667 0.08869179600886917 0.25333333333333335
1 0.7161862527716186 0.03833333333333334 0.03991130820399113 0.05666666666666667
1 0.5809312638580931 0.17666666666666667 0.026607538802660754 0.03333333333333333
1 0.19955654101995565 0.34833333333333333 0.05321507760532151 0.09000000000000001
2 0.7904656319290465 0.195 0.015521064301552107 0.030000000000000002
2 0.21951219512195122 0.5466666666666667 0.022172949002217293 0.02666666666666667
7 0.7405764966740577 0.19166666666666668 0.1197339246119734 0.37000000000000005
3 0.720620842572062 0.07833333333333334 0.026607538802660754 0.03666666666666667
6 0.5598669623059866 0.25833333333333336 0.0598669623059867 0.12333333333333334
