0 0.331 0.5512048192771085 0.23 0.572289156626506
0 0.964 0.552710843373494 0.068 0.20180722891566266
0 0.731 0.4563253012048193 0.13 0.5512048192771085
1 0.97 0.4789156626506024 0.044 0.05421686746987952
1 0.7010000000000001 0.21837349397590364 0.054 0.06927710843373494
1 0.41200000000000003 0.3177710843373494 0.06 0.08132530120481928
2 0.34800000000000003 0.43975903614457834 0.052000000000000005 0.04819277108433735
2 0.712 0.3629518072289157 0.02 0.045180722891566265
2 0.26 0.29668674698795183 0.08 0.06325301204819278
2 0.722 0.48343373493975905 0.032 0.057228915662650606
5 0.774 0.6852409638554218 0.024 0.045180722891566265
5 0.681 0.6686746987951807 0.026000000000000002 0.030120481927710843
5 0.259 0.8207831325301205 0.046 0.02710843373493976
7 0.339 0.5662650602409639 0.20600000000000002 0.5180722891566265
7 0.735 0.47590361445783136 0.13 0.43373493975903615
