0 0.8230000000000001 0.5266666666666666 0.14200000000000002 0.16533333333333333
0 0.41400000000000003 0.694 0.168 0.292
0 0.467 0.13133333333333333 0.138 0.17466666666666666
0 0.495 0.38466666666666666 0.098 0.172
1 0.357 0.5673333333333334 0.046 0.036
1 0.8240000000000001 0.45866666666666667 0.04 0.024
1 0.498 0.05733333333333333 0.044 0.026666666666666665
1 0.47500000000000003 0.30866666666666664 0.034 0.017333333333333333
5 0.81 0.6026666666666667 0.032 0.016
5 0.361 0.8253333333333333 0.058 0.029333333333333333
5 0.878 0.586 0.02 0.017333333333333333
5 0.436 0.15933333333333333 0.044 0.014666666666666666
5 0.454 0.20933333333333332 0.024 0.018666666666666665
5 0.496 0.18066666666666667 0.02 0.030666666666666665
7 0.8280000000000001 0.5353333333333333 0.116 0.12133333333333333
7 0.466 0.13133333333333333 0.14 0.17466666666666666
7 0.41000000000000003 0.6853333333333333 0.152 0.20533333333333334
7 0.498 0.38866666666666666 0.076 0.148
