0 0.8425 0.6428571428571428 0.27 0.706766917293233
0 0.0475 0.6278195488721804 0.095 0.5789473684210527
0 0.24375 0.5018796992481203 0.1475 0.34962406015037595
0 0.46875 0.5902255639097744 0.3075 0.8120300751879699
1 0.5700000000000001 0.2800751879699248 0.08 0.12406015037593984
1 0.02875 0.3721804511278195 0.0475 0.05263157894736842
1 0.82875 0.3458646616541353 0.10250000000000001 0.11278195488721804
1 0.2675 0.34774436090225563 0.045 0.041353383458646614
2 0.5962500000000001 0.6992481203007519 0.0425 0.09774436090225563
2 0.735 0.7218045112781954 0.055 0.07518796992481203
2 0.34125 0.23684210526315788 0.0575 0.10526315789473684
5 0.58875 0.9342105263157894 0.0675 0.05639097744360902
5 0.37875000000000003 0.9680451127819548 0.0425 0.05639097744360902
5 0.0325 0.8909774436090225 0.07 0.045112781954887216
5 0.07625 0.7199248120300752 0.0425 0.02631578947368421
7 0.4925 0.5902255639097744 0.255 0.593984962406015
