0 0.589 0.5096952908587258 0.17400000000000002 0.5761772853185596
0 0.9 0.46814404432132967 0.116 0.6426592797783933
0 0.706 0.5318559556786704 0.16 0.5872576177285319
0 0.771 0.5166204986149584 0.21 0.7562326869806094
1 0.788 0.1772853185595568 0.084 0.08310249307479224
1 0.747 0.28254847645429365 0.078 0.08310249307479224
1 0.884 0.18559556786703602 0.068 0.07202216066481995
1 0.606 0.26869806094182824 0.076 0.09418282548476455
2 0.745 0.5623268698060941 0.046 0.0664819944598338
2 0.5700000000000001 0.4182825484764543 0.064 0.04986149584487535
2 0.644 0.554016620498615 0.048 0.0443213296398892
2 0.6920000000000001 0.5595567867036011 0.032 0.0664819944598338
5 0.7030000000000001 0.8628808864265928 0.074 0.036011080332409975
5 0.607 0.7700831024930748 0.05 0.0332409972299169
5 0.528 0.775623268698061 0.044 0.038781163434903045
5 0.8160000000000001 0.8808864265927978 0.04 0.027700831024930747
7 0.783 0.5650969529085873 0.186 0.6371191135734072
7 0.591 0.5166204986149584 0.17 0.44598337950138506
7 0.9 0.47506925207756234 0.112 0.46814404432132967
