0 0.66 0.6111111111111112 0.30000000000000004 0.5757575757575758
0 0.265 0.6111111111111112 0.31 0.5656565656565657
0 0.4033333333333334 0.5833333333333334 0.12000000000000001 0.48989898989898994
1 0.665 0.3813131313131313 0.09000000000000001 0.11616161616161617
1 0.31833333333333336 0.38383838383838387 0.11 0.12121212121212122
1 0.3866666666666667 0.39141414141414144 0.05333333333333334 0.09595959595959597
2 0.42000000000000004 0.7222222222222223 0.04 0.08080808080808081
2 0.5366666666666667 0.8232323232323233 0.06666666666666667 0.12121212121212122
2 0.7000000000000001 0.6616161616161617 0.060000000000000005 0.07070707070707072
5 0.14166666666666666 0.9444444444444445 0.10333333333333335 0.10101010101010102
