0 0.394 0.3843843843843844 0.14400000000000002 0.2822822822822823
0 0.514 0.3303303303303303 0.092 0.36036036036036034
0 0.882 0.3213213213213213 0.116 0.5345345345345345
0 0.835 0.3033033033033033 0.07 0.4744744744744745
1 0.521 0.18618618618618618 0.042 0.07807807807807808
1 0.402 0.2927927927927928 0.044 0.08108108108108109
1 0.842 0.1006006006006006 0.032 0.06906906906906907
1 0.875 0.08708708708708708 0.05 0.06606606606606606
2 0.367 0.4099099099099099 0.03 0.03903903903903904
2 0.545 0.35285285285285284 0.026000000000000002 0.03903903903903904
2 0.447 0.38288288288288286 0.034 0.03903903903903904
2 0.843 0.36186186186186187 0.03 0.04504504504504504
2 0.8180000000000001 0.3228228228228228 0.036000000000000004 0.057057057057057055
2 0.501 0.36036036036036034 0.018000000000000002 0.036036036036036036
2 0.366 0.5075075075075075 0.02 0.036036036036036036
5 0.366 0.5075075075075075 0.02 0.036036036036036036
5 0.443 0.5015015015015015 0.046 0.03003003003003003
5 0.501 0.4894894894894895 0.018000000000000002 0.036036036036036036
5 0.522 0.48348348348348347 0.028 0.04204204204204204
5 0.891 0.56006006006006 0.074 0.05105105105105105
5 0.844 0.5105105105105106 0.036000000000000004 0.03003003003003003
5 0.857 0.5435435435435435 0.034 0.036036036036036036
