0 0.465 0.6366666666666667 0.495 0.7200000000000001
0 0.73375 0.6383333333333334 0.1475 0.7166666666666667
0 0.20875 0.6266666666666667 0.1675 0.7333333333333334
0 0.39625 0.6466666666666667 0.3175 0.6933333333333334
0 0.48125 0.42833333333333334 0.1975 0.3166666666666667
0 0.32625 0.6716666666666667 0.1375 0.65
1 0.63875 0.3616666666666667 0.1475 0.17666666666666667
1 0.735 0.3216666666666667 0.09 0.08333333333333334
1 0.355 0.3916666666666667 0.08 0.09000000000000001
1 0.46 0.36000000000000004 0.12 0.12000000000000001
1 0.23125 0.2966666666666667 0.0625 0.060000000000000005
