0 0.114 0.8056379821958457 0.188 0.3827893175074184
0 0.606 0.8204747774480713 0.116 0.34718100890207715
0 0.9570000000000001 0.8827893175074184 0.082 0.228486646884273
0 0.396 0.7700296735905044 0.176 0.4480712166172107
0 0.233 0.7804154302670624 0.218 0.4332344213649852
1 0.9450000000000001 0.7937685459940653 0.058 0.050445103857566766
1 0.11900000000000001 0.6409495548961425 0.046 0.05341246290801187
1 0.241 0.5964391691394659 0.05 0.05934718100890208
1 0.41500000000000004 0.5786350148367952 0.05 0.06528189910979229
1 0.592 0.6795252225519288 0.044 0.05934718100890208
2 0.333 0.6231454005934718 0.018000000000000002 0.03560830860534125
2 0.196 0.6364985163204748 0.024 0.03857566765578635
6 0.08600000000000001 0.7448071216617211 0.084 0.16617210682492584
6 0.243 0.7106824925816024 0.098 0.17507418397626112
6 0.963 0.9020771513353116 0.066 0.1483679525222552
