0 0.0675 0.42333333333333334 0.14 0.7000000000000001
0 0.3275 0.4216666666666667 0.215 0.7100000000000001
0 0.6275000000000001 0.36000000000000004 0.135 0.4
0 0.71 0.26166666666666666 0.085 0.3433333333333334
0 0.8475 0.39333333333333337 0.165 0.4133333333333334
0 0.5075000000000001 0.26333333333333336 0.095 0.31333333333333335
0 0.56 0.3516666666666667 0.105 0.37000000000000005
1 0.31 0.125 0.085 0.11
1 0.905 0.225 0.05 0.07
1 0.01875 0.11666666666666667 0.0425 0.09333333333333334
1 0.7125 0.11333333333333334 0.03 0.04
1 0.52875 0.2066666666666667 0.0425 0.07333333333333333
1 0.795 0.11333333333333334 0.035 0.04
1 0.59 0.19333333333333336 0.055 0.06666666666666667
1 0.82625 0.15666666666666668 0.0475 0.06666666666666667
1 0.845 0.13833333333333334 0.035 0.05
2 0.40875 0.38833333333333336 0.0525 0.05
2 0.6637500000000001 0.33333333333333337 0.0225 0.04
2 0.8425 0.43333333333333335 0.03 0.04666666666666667
2 0.63875 0.3866666666666667 0.0225 0.04
2 0.11750000000000001 0.18833333333333335 0.035 0.05666666666666667
2 0.715 0.3416666666666667 0.025 0.05
2 0.5387500000000001 0.40166666666666667 0.0225 0.03666666666666667
2 0.7175 0.33166666666666667 0.02 0.030000000000000002
2 0.0975 0.22 0.045 0.04
5 0.11625 0.75 0.0375 0.04
5 0.585 0.5216666666666667 0.025 0.030000000000000002
5 0.70875 0.4216666666666667 0.0225 0.023333333333333334
5 0.29125 0.7583333333333334 0.0675 0.043333333333333335
5 0.81125 0.5733333333333334 0.0375 0.04666666666666667
5 0.85875 0.5466666666666667 0.0325 0.04
5 0.74875 0.5283333333333333 0.0425 0.030000000000000002
5 0.675 0.5433333333333333 0.04 0.02666666666666667
5 0.62875 0.5483333333333333 0.0225 0.030000000000000002
7 0.30625 0.4766666666666667 0.1775 0.6000000000000001
7 0.0675 0.46166666666666667 0.135 0.61
