0 0.244 0.39199999999999996 0.112 0.42666666666666664
0 0.378 0.364 0.07200000000000001 0.33866666666666667
0 0.138 0.44 0.14 0.5653333333333334
0 0.093 0.38 0.07 0.42933333333333334
1 0.249 0.204 0.054 0.04533333333333333
1 0.371 0.212 0.038 0.034666666666666665
1 0.16 0.188 0.068 0.06133333333333333
1 0.10200000000000001 0.188 0.048 0.04
2 0.394 0.388 0.02 0.04533333333333333
2 0.091 0.46399999999999997 0.034 0.048
2 0.181 0.46799999999999997 0.034 0.04
2 0.28600000000000003 0.40399999999999997 0.028 0.034666666666666665
2 0.34800000000000003 0.39199999999999996 0.012 0.032
2 0.279 0.252 0.018000000000000002 0.029333333333333333
5 0.12 0.7 0.048 0.04533333333333333
5 0.17400000000000002 0.6799999999999999 0.064 0.032
5 0.222 0.592 0.036000000000000004 0.026666666666666665
