0 0.696969696969697 0.5136363636363636 0.23030303030303031 0.9363636363636363
0 0.31212121212121213 0.44545454545454544 0.1393939393939394 0.40909090909090906
0 0.12727272727272726 0.3704545454545454 0.06060606060606061 0.21363636363636362
0 0.25303030303030305 0.3931818181818182 0.0696969696969697 0.2772727272727273
1 0.7651515151515151 0.19318181818181818 0.08181818181818182 0.1318181818181818
1 0.30454545454545456 0.27954545454545454 0.03939393939393939 0.05909090909090909
1 0.24848484848484848 0.2681818181818182 0.024242424242424242 0.02727272727272727
1 0.11666666666666667 0.28409090909090906 0.02727272727272727 0.04090909090909091
1 0.24696969696969698 0.27954545454545454 0.02727272727272727 0.049999999999999996
5 0.7181818181818181 0.9340909090909091 0.06666666666666667 0.049999999999999996
5 0.7560606060606061 0.9454545454545454 0.0696969696969697 0.07272727272727272
7 0.7227272727272728 0.5568181818181818 0.15454545454545454 0.7045454545454545
