0 0.76 0.6486486486486487 0.2 0.6966966966966966
0 0.387 0.6456456456456456 0.202 0.7027027027027027
0 0.153 0.6396396396396397 0.178 0.7147147147147147
0 0.602 0.6336336336336337 0.188 0.7267267267267267
0 0.5 0.6396396396396397 0.128 0.7147147147147147
0 0.251 0.6786786786786787 0.114 0.6366366366366366
1 0.193 0.34384384384384387 0.10200000000000001 0.11711711711711711
1 0.357 0.3363363363363363 0.078 0.08408408408408408
1 0.627 0.3333333333333333 0.082 0.12612612612612611
1 0.726 0.35585585585585583 0.10400000000000001 0.1111111111111111
1 0.509 0.3333333333333333 0.066 0.1021021021021021
