0 0.254 0.7 0.1 0.35466666666666663
0 0.929 0.6573333333333333 0.078 0.27999999999999997
0 0.35000000000000003 0.688 0.07200000000000001 0.352
0 0.454 0.692 0.076 0.3333333333333333
0 0.596 0.6839999999999999 0.088 0.312
0 0.811 0.656 0.07 0.29333333333333333
0 0.113 0.6839999999999999 0.106 0.3813333333333333
0 0.763 0.6759999999999999 0.082 0.2906666666666667
0 0.685 0.656 0.08600000000000001 0.31466666666666665
5 0.14100000000000001 0.86 0.042 0.018666666666666665
5 0.28500000000000003 0.86 0.034 0.018666666666666665
5 0.34400000000000003 0.856 0.028 0.021333333333333333
5 0.655 0.8079999999999999 0.026000000000000002 0.016
5 0.095 0.864 0.026000000000000002 0.021333333333333333
5 0.735 0.8039999999999999 0.026000000000000002 0.018666666666666665
5 0.368 0.8453333333333333 0.032 0.016
5 0.6920000000000001 0.8039999999999999 0.024 0.018666666666666665
5 0.582 0.82 0.02 0.018666666666666665
5 0.771 0.8119999999999999 0.018000000000000002 0.018666666666666665
5 0.789 0.7919999999999999 0.022 0.010666666666666666
5 0.45 0.848 0.04 0.021333333333333333
5 0.248 0.868 0.028 0.018666666666666665
5 0.614 0.8293333333333333 0.024 0.016
