0 0.527 0.46837349397590367 0.214 0.4849397590361446
0 0.797 0.4879518072289157 0.402 0.6626506024096386
0 0.8270000000000001 0.2680722891566265 0.062 0.08433734939759037
0 0.242 0.48945783132530124 0.14 0.4307228915662651
0 0.10400000000000001 0.5150602409638555 0.20800000000000002 0.9578313253012049
0 0.02 0.9201807228915663 0.044 0.11746987951807229
0 0.969 0.25150602409638556 0.058 0.5090361445783133
0 0.169 0.49397590361445787 0.198 0.5542168674698795
0 0.681 0.48945783132530124 0.166 0.4548192771084338
0 0.931 0.4954819277108434 0.134 0.996987951807229
0 0.314 0.4728915662650603 0.23600000000000002 0.46385542168674704
