0 0.892 0.660056657223796 0.12 0.538243626062323
0 0.124 0.6501416430594901 0.156 0.6940509915014165
0 0.759 0.6076487252124646 0.114 0.4390934844192635
0 0.491 0.6572237960339944 0.166 0.6798866855524079
0 0.341 0.6671388101983003 0.14200000000000002 0.660056657223796
0 0.635 0.651558073654391 0.146 0.6912181303116147
0 0.6920000000000001 0.6104815864022664 0.08 0.45042492917847027
0 0.226 0.6373937677053825 0.088 0.5325779036827196
0 0.41000000000000003 0.6076487252124646 0.064 0.4390934844192635
0 0.273 0.5439093484419264 0.046 0.28328611898017
0 0.55 0.6147308781869689 0.06 0.45892351274787535
1 0.881 0.4093484419263456 0.05 0.042492917847025496
1 0.766 0.4065155807365439 0.04 0.0311614730878187
1 0.677 0.4079320113314448 0.042 0.039660056657223795
1 0.466 0.34702549575070823 0.06 0.059490084985835696
5 0.799 0.811614730878187 0.034 0.0254957507082153
5 0.924 0.9135977337110482 0.028 0.0311614730878187
5 0.521 0.9716713881019831 0.042 0.039660056657223795
5 0.869 0.876770538243626 0.046 0.0254957507082153
5 0.719 0.7917847025495751 0.034 0.0311614730878187
5 0.20800000000000002 0.8838526912181304 0.028 0.0339943342776204
5 0.6970000000000001 0.821529745042493 0.026000000000000002 0.028328611898016998
5 0.458 0.9858356940509916 0.028 0.0226628895184136
5 0.56 0.8286118980169972 0.024 0.0311614730878187
5 0.429 0.811614730878187 0.026000000000000002 0.0311614730878187
