0 0.6631799163179916 0.3012232415902141 0.10041841004184099 0.37003058103975534
0 0.27928870292887026 0.2966360856269113 0.10669456066945605 0.3730886850152905
0 0.7782426778242677 0.8577981651376146 0.09205020920502091 0.27217125382262997
0 0.03138075313807531 0.8547400611620796 0.06694560669456066 0.28440366972477066
0 0.9696652719665271 0.8792048929663608 0.05230125523012552 0.23547400611620795
0 0.3389121338912134 0.8363914373088686 0.07531380753138074 0.3211009174311927
0 0.8713389121338911 0.8302752293577982 0.10669456066945605 0.327217125382263
0 0.4163179916317991 0.8577981651376146 0.08786610878661087 0.27217125382262997
1 0.2834728033472803 0.13302752293577982 0.03556485355648535 0.039755351681957186
1 0.8828451882845187 0.6896024464831805 0.03765690376569037 0.039755351681957186
1 0.3399581589958159 0.6972477064220184 0.03556485355648535 0.03669724770642202
1 0.6443514644351463 0.13608562691131498 0.03347280334728033 0.03363914373088685
1 0.7740585774058577 0.8394495412844036 0.03347280334728033 0.045871559633027525
1 0.42050209205020916 0.8379204892966361 0.02928870292887029 0.04892966360856269
2 0.048117154811715475 0.9128440366972477 0.016736401673640166 0.027522935779816515
2 0.3399581589958159 0.8685015290519877 0.018828451882845185 0.03058103975535168
2 0.36924686192468614 0.8776758409785933 0.014644351464435145 0.03058103975535168
2 0.25732217573221755 0.1712538226299694 0.016736401673640166 0.03058103975535168
2 0.9539748953974895 0.9480122324159022 0.012552301255230124 0.024464831804281346
5 0.2405857740585774 0.40214067278287463 0.025104602510460247 0.027522935779816515
5 0.6914225941422594 0.4694189602446483 0.043933054393305436 0.027522935779816515
5 0.2709205020920502 0.4694189602446483 0.043933054393305436 0.021406727828746176
5 0.647489539748954 0.4740061162079511 0.0397489539748954 0.024464831804281346
7 0.27928870292887026 0.3180428134556575 0.10669456066945605 0.3241590214067278
7 0.6600418410041841 0.32262996941896027 0.09832635983263598 0.3211009174311927
7 0.4152719665271966 0.8776758409785933 0.08577405857740585 0.23853211009174313
