0 0.2804878048780488 0.4916666666666667 0.21575984990619138 0.81
0 0.44183864915572235 0.5366666666666667 0.11819887429643527 0.6133333333333334
0 0.33677298311444653 0.5133333333333334 0.13320825515947468 0.6866666666666668
1 0.42401500938086306 0.265 0.04127579737335835 0.07
1 0.36866791744840527 0.19666666666666668 0.043151969981238276 0.06666666666666667
1 0.35553470919324576 0.14500000000000002 0.054409005628517824 0.09000000000000001
5 0.3433395872420263 0.8083333333333333 0.05628517823639775 0.09666666666666668
5 0.4849906191369606 0.8033333333333333 0.03189493433395872 0.07333333333333333
5 0.40150093808630394 0.8133333333333334 0.03377110694183865 0.06666666666666667
5 0.20544090056285177 0.8283333333333334 0.039399624765478425 0.11666666666666667
5 0.27298311444652906 0.8283333333333334 0.11069418386491557 0.15000000000000002
