0 0.19 0.612 0.12 0.6213333333333333
0 0.896 0.45599999999999996 0.084 0.2773333333333333
0 0.339 0.836 0.20600000000000002 0.32266666666666666
0 0.549 0.516 0.094 0.43466666666666665
1 0.5690000000000001 0.328 0.054 0.05333333333333333
1 0.187 0.3373333333333333 0.066 0.072
1 0.325 0.72 0.07 0.08533333333333333
1 0.92 0.33999999999999997 0.036000000000000004 0.04533333333333333
2 0.23500000000000001 0.6639999999999999 0.03 0.042666666666666665
2 0.417 0.848 0.038 0.042666666666666665
2 0.913 0.46799999999999997 0.018000000000000002 0.034666666666666665
5 0.20800000000000002 0.86 0.04 0.11466666666666667
5 0.165 0.832 0.042 0.112
5 0.53 0.6799999999999999 0.052000000000000005 0.10666666666666666
5 0.887 0.5519999999999999 0.054 0.08533333333333333
5 0.41500000000000004 0.96 0.054 0.07466666666666666
