0 0.295 0.6792452830188679 0.25 0.6339622641509434
0 0.485 0.6716981132075471 0.195 0.5509433962264151
0 0.14125000000000001 0.6358490566037736 0.1825 0.5018867924528302
0 0.35875 0.5716981132075472 0.1075 0.4037735849056604
1 0.28250000000000003 0.42641509433962266 0.105 0.12830188679245283
1 0.34125 0.39811320754716983 0.0425 0.04905660377358491
1 0.43875000000000003 0.4339622641509434 0.0625 0.07547169811320754
1 0.12875 0.4188679245283019 0.0675 0.06792452830188679
2 0.39875 0.6075471698113207 0.0425 0.03773584905660377
5 0.54875 0.8452830188679246 0.0625 0.04528301886792453
5 0.44875 0.9169811320754717 0.0325 0.052830188679245285
5 0.33375 0.749056603773585 0.0575 0.04150943396226415
5 0.1475 0.8622641509433963 0.05 0.04905660377358491
7 0.4675 0.6943396226415094 0.165 0.4075471698113208
7 0.28125 0.7547169811320755 0.2225 0.47547169811320755
2 0.52875 0.4811320754716981 0.0725 0.09433962264150944
7 0.1375 0.6396226415094339 0.135 0.36603773584905663
7 0.36125 0.5226415094339623 0.0725 0.20754716981132076
