0 0.725 0.7350000000000001 0.095 0.45
0 0.8200000000000001 0.7533333333333334 0.145 0.4866666666666667
0 0.9450000000000001 0.6683333333333333 0.1 0.3766666666666667
0 0.62875 0.7083333333333334 0.1075 0.37000000000000005
0 0.0825 0.6716666666666667 0.17 0.65
0 0.48 0.6833333333333333 0.115 0.42000000000000004
0 0.34 0.6783333333333333 0.125 0.45
0 0.14875 0.6483333333333334 0.0975 0.4633333333333334
0 0.44875 0.6216666666666667 0.0725 0.3766666666666667
0 0.23 0.6616666666666667 0.115 0.51
0 0.29125 0.6433333333333334 0.0675 0.4
1 0.82875 0.5383333333333333 0.0575 0.05666666666666667
5 0.595 0.8816666666666667 0.025 0.023333333333333334
5 0.9725 0.8416666666666667 0.03 0.030000000000000002
5 0.74375 0.9416666666666668 0.0225 0.030000000000000002
5 0.705 0.9166666666666667 0.05 0.02666666666666667
5 0.9187500000000001 0.8250000000000001 0.0325 0.023333333333333334
5 0.77625 0.9733333333333334 0.0525 0.02666666666666667
5 0.65375 0.8716666666666667 0.0325 0.023333333333333334
5 0.37625000000000003 0.8816666666666667 0.0425 0.03666666666666667
5 0.435 0.7983333333333333 0.015 0.023333333333333334
5 0.22375 0.905 0.0425 0.030000000000000002
5 0.48625 0.8783333333333334 0.0175 0.030000000000000002
5 0.29125 0.8266666666666668 0.0375 0.02666666666666667
5 0.8462500000000001 0.9866666666666667 0.0225 0.02
5 0.26 0.8933333333333334 0.055 0.02
5 0.9875 0.89 0.02 0.02
5 0.44625000000000004 0.8766666666666667 0.0375 0.02666666666666667
5 0.325 0.8666666666666667 0.02 0.02666666666666667
7 0.14875 0.6766666666666667 0.0975 0.4
