0 0.365 0.43224932249322495 0.242 0.3875338753387534
0 0.241 0.2073170731707317 0.098 0.15989159891598917
0 0.577 0.35365853658536583 0.202 0.6097560975609756
0 0.796 0.513550135501355 0.228 0.42005420054200543
1 0.775 0.3333333333333333 0.07 0.05962059620596206
1 0.277 0.15176151761517614 0.026000000000000002 0.04336043360433604
1 0.513 0.09620596205962059 0.062 0.1002710027100271
1 0.389 0.28319783197831977 0.058 0.07859078590785908
5 0.326 0.6043360433604336 0.068 0.04336043360433604
5 0.732 0.6910569105691057 0.04 0.05962059620596206
6 0.552 0.27100271002710025 0.156 0.24390243902439024
6 0.761 0.5013550135501355 0.158 0.21138211382113822
6 0.34800000000000003 0.4173441734417344 0.20400000000000001 0.22764227642276422
3 0.381 0.33875338753387535 0.05 0.05962059620596206
6 0.226 0.17886178861788618 0.06 0.0921409214092141
5 0.859 0.6395663956639567 0.058 0.16802168021680217
5 0.245 0.2669376693766938 0.05 0.04607046070460705
