0 0.392 0.6126126126126126 0.10400000000000001 0.4444444444444444
0 0.935 0.6186186186186187 0.10200000000000001 0.4084084084084084
0 0.54 0.5915915915915916 0.084 0.3783783783783784
0 0.642 0.6066066066066066 0.096 0.4144144144144144
0 0.787 0.6276276276276276 0.10200000000000001 0.43243243243243246
0 0.714 0.6216216216216216 0.076 0.37237237237237236
0 0.8290000000000001 0.5855855855855856 0.07 0.34234234234234234
0 0.598 0.5705705705705706 0.048 0.3003003003003003
0 0.36 0.5885885885885885 0.064 0.3363363363363363
1 0.72 0.45495495495495497 0.032 0.03303303303303303
1 0.39 0.40540540540540543 0.032 0.036036036036036036
1 0.784 0.43093093093093093 0.036000000000000004 0.03903903903903904
1 0.64 0.4219219219219219 0.036000000000000004 0.03903903903903904
1 0.605 0.43243243243243246 0.022 0.03003003003003003
5 0.401 0.8183183183183184 0.022 0.03303303303303303
5 0.634 0.7882882882882882 0.024 0.03303303303303303
5 0.5630000000000001 0.7522522522522522 0.018000000000000002 0.03303303303303303
5 0.8310000000000001 0.7447447447447447 0.018000000000000002 0.024024024024024024
5 0.96 0.8033033033033034 0.028 0.03303303303303303
5 0.535 0.7672672672672672 0.026000000000000002 0.02702702702702703
5 0.765 0.8273273273273273 0.026000000000000002 0.02702702702702703
5 0.911 0.7717717717717718 0.018000000000000002 0.036036036036036036
5 0.67 0.7912912912912913 0.02 0.03903903903903904
5 0.371 0.8063063063063063 0.026000000000000002 0.04504504504504504
5 0.793 0.8018018018018018 0.026000000000000002 0.04804804804804805
5 0.714 0.7507507507507507 0.02 0.06606606606606606
5 0.611 0.7072072072072072 0.014 0.02102102102102102
5 0.368 0.8093093093093093 0.02 0.03903903903903904
5 0.732 0.7642642642642643 0.02 0.08108108108108109
5 0.591 0.6981981981981982 0.018000000000000002 0.02102102102102102
