0 0.675 0.612012987012987 0.114 0.4577922077922078
0 0.5760000000000001 0.573051948051948 0.096 0.34740259740259744
0 0.707 0.5600649350649352 0.07 0.3733766233766234
0 0.538 0.5178571428571429 0.036000000000000004 0.21103896103896105
1 0.5700000000000001 0.41720779220779225 0.036000000000000004 0.03571428571428572
1 0.665 0.4090909090909091 0.042 0.03896103896103896
1 0.6910000000000001 0.3928571428571429 0.034 0.03896103896103896
1 0.541 0.4220779220779221 0.022 0.025974025974025976
5 0.655 0.8003246753246753 0.038 0.029220779220779224
5 0.5760000000000001 0.7321428571428572 0.02 0.029220779220779224
5 0.7020000000000001 0.8230519480519481 0.028 0.03571428571428572
