0 0.124 0.6526946107784432 0.23600000000000002 0.688622754491018
0 0.78 0.5359281437125749 0.10400000000000001 0.5089820359281437
0 0.424 0.5883233532934132 0.12 0.5479041916167665
0 0.276 0.6317365269461078 0.156 0.7305389221556887
0 0.58 0.5883233532934132 0.112 0.565868263473054
0 0.727 0.592814371257485 0.10200000000000001 0.5149700598802396
0 0.658 0.5988023952095809 0.12 0.658682634730539
0 0.34700000000000003 0.6541916167664671 0.106 0.6197604790419162
1 0.14100000000000001 0.344311377245509 0.09 0.07784431137724551
1 0.324 0.3847305389221557 0.06 0.08083832335329341
1 0.23500000000000001 0.3023952095808383 0.078 0.07784431137724551
1 0.41300000000000003 0.5269461077844312 0.046 0.07784431137724551
1 0.433 0.5823353293413174 0.042 0.0688622754491018
1 0.504 0.49251497005988026 0.048 0.0688622754491018
1 0.525 0.45209580838323354 0.038 0.059880239520958084
5 0.741 0.8248502994011977 0.026000000000000002 0.04491017964071856
5 0.679 0.9041916167664671 0.05 0.05389221556886228
5 0.442 0.8008982035928144 0.048 0.03293413173652695
5 0.637 0.8832335329341318 0.034 0.029940119760479042
5 0.607 0.8488023952095809 0.03 0.038922155688622756
5 0.41300000000000003 0.8443113772455091 0.038 0.035928143712574856
5 0.5760000000000001 0.8233532934131736 0.04 0.023952095808383235
5 0.378 0.9311377245508983 0.04 0.05389221556886228
5 0.786 0.7739520958083833 0.036000000000000004 0.03293413173652695
