0 0.06777777777777778 0.6209302325581395 0.11777777777777777 0.627906976744186
0 0.9244444444444444 0.641860465116279 0.08444444444444445 0.5116279069767442
0 0.19555555555555557 0.6116279069767442 0.1111111111111111 0.6465116279069767
0 0.7988888888888889 0.6325581395348837 0.07333333333333333 0.48372093023255813
0 0.3388888888888889 0.6302325581395348 0.11333333333333333 0.627906976744186
0 0.71 0.6162790697674418 0.07777777777777778 0.5534883720930233
0 0.47555555555555556 0.6395348837209303 0.10222222222222223 0.6
0 0.6477777777777778 0.6441860465116279 0.08222222222222222 0.5534883720930233
0 0.5766666666666667 0.6465116279069767 0.06888888888888889 0.5209302325581395
0 0.2877777777777778 0.6325581395348837 0.051111111111111114 0.46511627906976744
0 0.4066666666666667 0.6325581395348837 0.06222222222222222 0.4744186046511628
0 0.6244444444444445 0.6255813953488372 0.044444444444444446 0.5255813953488372
0 0.5055555555555555 0.6209302325581395 0.06 0.5162790697674419
0 0.5366666666666666 0.6465116279069767 0.03777777777777778 0.44651162790697674
1 0.19666666666666666 0.32558139534883723 0.03777777777777778 0.06511627906976744
1 0.7966666666666666 0.41627906976744183 0.028888888888888888 0.05116279069767442
1 0.06777777777777778 0.33488372093023255 0.03777777777777778 0.05581395348837209
1 0.9255555555555556 0.4116279069767442 0.042222222222222223 0.06046511627906977
1 0.3377777777777778 0.3441860465116279 0.04 0.06511627906976744
1 0.29777777777777775 0.4255813953488372 0.026666666666666665 0.04186046511627907
1 0.57 0.413953488372093 0.03333333333333333 0.05581395348837209
1 0.6988888888888889 0.386046511627907 0.03333333333333333 0.07441860465116279
1 0.45 0.3674418604651163 0.03777777777777778 0.05581395348837209
1 0.4 0.42093023255813955 0.026666666666666665 0.05116279069767442
1 0.49 0.386046511627907 0.028888888888888888 0.046511627906976744
1 0.5355555555555556 0.4441860465116279 0.026666666666666665 0.05116279069767442
1 0.6533333333333333 0.4 0.03111111111111111 0.06511627906976744
1 0.37555555555555553 0.7348837209302326 0.017777777777777778 0.05581395348837209
1 0.6288888888888889 0.38372093023255816 0.026666666666666665 0.05116279069767442
2 0.2966666666666667 0.6953488372093023 0.02 0.07906976744186046
5 0.35555555555555557 0.9255813953488372 0.022222222222222223 0.027906976744186046
5 0.9088888888888889 0.8558139534883721 0.013333333333333332 0.05581395348837209
5 0.18555555555555556 0.9116279069767441 0.028888888888888888 0.046511627906976744
5 0.9377777777777778 0.8767441860465116 0.022222222222222223 0.03255813953488372
5 0.49333333333333335 0.9046511627906977 0.017777777777777778 0.03255813953488372
5 0.4588888888888889 0.9255813953488372 0.028888888888888888 0.037209302325581395
5 0.5577777777777778 0.8813953488372093 0.022222222222222223 0.05116279069767442
5 0.21666666666666667 0.8906976744186046 0.02 0.06046511627906977
5 0.59 0.8813953488372093 0.015555555555555555 0.03255813953488372
5 0.07666666666666666 0.9116279069767441 0.02 0.037209302325581395
5 0.31555555555555553 0.9209302325581395 0.03111111111111111 0.027906976744186046
5 0.5277777777777778 0.8511627906976744 0.015555555555555555 0.027906976744186046
5 0.06666666666666667 0.9046511627906977 0.008888888888888889 0.03255813953488372
