0 0.6921875000000001 0.484375 0.51875 0.64375
0 0.35703125 0.43828125 0.2671875 0.5640625
0 0.1640625 0.44765625000000003 0.33125000000000004 0.8890625000000001
1 0.8546875 0.2921875 0.15625 0.259375
1 0.20625000000000002 0.1046875 0.14375000000000002 0.19687500000000002
1 0.3984375 0.2078125 0.09062500000000001 0.109375
2 0.37265625 0.5859375 0.0703125 0.096875
2 0.6953125 0.7484375000000001 0.078125 0.10312500000000001
2 0.60078125 0.72578125 0.06406250000000001 0.1171875
5 0.9234375 0.60703125 0.140625 0.1234375
5 0.0765625 0.8328125000000001 0.15625 0.15625
7 0.35468750000000004 0.46640625 0.259375 0.45156250000000003
