0 0.49863387978142076 0.7263636363636363 0.319672131147541 0.5036363636363637
0 0.6284153005464481 0.4572727272727273 0.37158469945355194 0.2927272727272727
1 0.5327868852459017 0.49727272727272726 0.1366120218579235 0.04181818181818182
1 0.6762295081967213 0.33090909090909093 0.09562841530054644 0.04
2 0.3948087431693989 0.6472727272727272 0.09016393442622951 0.04
2 0.7486338797814208 0.5363636363636364 0.07103825136612021 0.03272727272727273
2 0.39344262295081966 0.5390909090909091 0.12568306010928962 0.038181818181818185
5 0.4972677595628415 0.9554545454545454 0.1092896174863388 0.03090909090909091
5 0.587431693989071 0.9645454545454546 0.07103825136612021 0.02727272727272727
7 0.5259562841530054 0.7481818181818182 0.27049180327868855 0.4527272727272727
7 0.6434426229508197 0.47 0.28688524590163933 0.22727272727272727
