0 0.13 0.6576576576576576 0.156 0.6726726726726726
0 0.551 0.5915915915915916 0.138 0.5945945945945946
0 0.756 0.5465465465465466 0.076 0.3783783783783784
1 0.515 0.33783783783783783 0.054 0.08108108108108109
1 0.106 0.36036036036036034 0.064 0.08408408408408408
1 0.75 0.37987987987987987 0.036000000000000004 0.04504504504504504
2 0.598 0.3588588588588589 0.036000000000000004 0.057057057057057055
2 0.598 0.5825825825825826 0.044 0.08408408408408408
2 0.177 0.5765765765765766 0.054 0.07807807807807808
5 0.176 0.9444444444444444 0.06 0.03303303303303303
2 0.752 0.48348348348348347 0.056 0.04804804804804805
