0 0.117 0.6069277108433735 0.17400000000000002 0.641566265060241
0 0.56 0.5677710843373495 0.1 0.38253012048192775
0 0.896 0.6054216867469879 0.048 0.16265060240963855
0 0.47300000000000003 0.5813253012048193 0.08600000000000001 0.3734939759036145
0 0.335 0.5768072289156627 0.098 0.5512048192771085
0 0.598 0.6596385542168675 0.092 0.16867469879518074
1 0.352 0.33433734939759036 0.056 0.06626506024096386
1 0.088 0.31927710843373497 0.076 0.07228915662650603
1 0.459 0.41867469879518077 0.042 0.042168674698795185
1 0.5750000000000001 0.39457831325301207 0.038 0.03614457831325302
1 0.9 0.536144578313253 0.016 0.01807228915662651
1 0.626 0.5993975903614458 0.032 0.042168674698795185
2 0.17300000000000001 0.5406626506024097 0.058 0.045180722891566265
2 0.496 0.5587349397590362 0.024 0.021084337349397592
5 0.165 0.8674698795180723 0.07 0.04819277108433735
5 0.105 0.9066265060240964 0.07 0.042168674698795185
5 0.354 0.8418674698795181 0.056 0.02710843373493976
5 0.53 0.7515060240963856 0.036000000000000004 0.015060240963855422
5 0.32 0.8328313253012049 0.016 0.021084337349397592
5 0.497 0.7575301204819278 0.038 0.021084337349397592
7 0.5630000000000001 0.5978915662650602 0.094 0.32228915662650603
7 0.465 0.6114457831325302 0.07 0.3132530120481928
6 0.334 0.4879518072289157 0.096 0.21084337349397592
7 0.1 0.6400602409638555 0.14400000000000002 0.5150602409638555
7 0.896 0.6174698795180723 0.048 0.13253012048192772
7 0.591 0.6671686746987953 0.07 0.13554216867469882
