0 0.2 0.47250000000000003 0.4 0.8216666666666668
0 0.6617021276595745 0.525 0.5914893617021276 0.9066666666666667
1 0.8436170212765958 0.16 0.2276595744680851 0.16666666666666669
1 0.16170212765957448 0.17250000000000001 0.2723404255319149 0.21833333333333335
2 0.31170212765957445 0.28750000000000003 0.1595744680851064 0.1716666666666667
2 0.424468085106383 0.7825000000000001 0.12553191489361704 0.18166666666666667
5 0.12872340425531914 0.8525 0.2574468085106383 0.07833333333333334
5 0.5882978723404255 0.505 0.13829787234042554 0.05333333333333334
5 0.9117021276595745 0.9500000000000001 0.08297872340425531 0.06333333333333334
6 0.2 0.45833333333333337 0.4 0.46
