0 0.07968750000000001 0.55703125 0.1625 0.7078125000000001
0 0.2890625 0.5359375000000001 0.146875 0.328125
0 0.20078125000000002 0.5546875 0.17343750000000002 0.43125
1 0.2921875 0.3984375 0.037500000000000006 0.043750000000000004
1 0.18281250000000002 0.37031250000000004 0.05 0.0625
1 0.046875 0.24531250000000002 0.09375 0.08125
5 0.11640625 0.8765625 0.0859375 0.05625
5 0.0421875 0.8328125000000001 0.03125 0.034375
7 0.0671875 0.6015625 0.1375 0.6000000000000001
7 0.2890625 0.5609375 0.14375000000000002 0.278125
7 0.17265625 0.5671875000000001 0.1046875 0.3125
6 0.0484375 0.42578125 0.09375 0.2484375
6 0.17890625000000002 0.47187500000000004 0.07968750000000001 0.125
6 0.28515625 0.4921875 0.08281250000000001 0.125
