0 0.628 0.7078313253012049 0.116 0.46987951807228917
0 0.47400000000000003 0.7063253012048193 0.088 0.4789156626506024
1 0.646 0.4984939759036145 0.052000000000000005 0.05120481927710844
1 0.47000000000000003 0.4954819277108434 0.052000000000000005 0.05120481927710844
2 0.606 0.6566265060240964 0.024 0.030120481927710843
2 0.598 0.621987951807229 0.028 0.02710843373493976
2 0.51 0.6656626506024097 0.016 0.03614457831325302
2 0.489 0.6536144578313253 0.034 0.030120481927710843
5 0.461 0.9352409638554218 0.034 0.021084337349397592
5 0.493 0.9337349397590362 0.034 0.024096385542168676
6 0.468 0.6445783132530121 0.076 0.1927710843373494
6 0.647 0.6340361445783133 0.078 0.1897590361445783
