0 0.686 0.6127450980392157 0.23600000000000002 0.7679738562091504
0 0.457 0.5866013071895425 0.28600000000000003 0.8137254901960784
0 0.224 0.5702614379084967 0.432 0.8464052287581699
0 0.843 0.49673202614379086 0.14200000000000002 0.7843137254901961
0 0.884 0.5473856209150327 0.228 0.8856209150326798
1 0.23600000000000002 0.26143790849673204 0.156 0.22222222222222224
1 0.41200000000000003 0.27941176470588236 0.116 0.19281045751633988
1 0.841 0.1715686274509804 0.094 0.12745098039215685
1 0.974 0.11601307189542484 0.048 0.10784313725490197
2 0.494 0.43137254901960786 0.048 0.11111111111111112
2 0.356 0.411764705882353 0.06 0.09803921568627451
2 0.667 0.4068627450980392 0.066 0.09477124183006536
2 0.804 0.3480392156862745 0.048 0.07516339869281045
2 0.712 0.3970588235294118 0.044 0.09477124183006536
2 0.167 0.43300653594771243 0.066 0.17320261437908496
