0 0.137 0.5585585585585585 0.218 0.8768768768768769
0 0.529 0.5255255255255256 0.138 0.7267267267267267
0 0.855 0.6126126126126126 0.246 0.7687687687687688
0 0.365 0.5705705705705706 0.158 0.8528528528528528
0 0.449 0.5555555555555556 0.11 0.8048048048048048
5 0.458 0.9039039039039038 0.076 0.036036036036036036
5 0.41400000000000003 0.9294294294294294 0.044 0.05105105105105105
5 0.486 0.8588588588588588 0.032 0.06006006006006006
5 0.5640000000000001 0.8468468468468469 0.064 0.05405405405405406
6 0.864 0.6306306306306306 0.212 0.36036036036036034
