0 0.5178173719376392 0.6116666666666667 0.18485523385300667 0.4966666666666667
0 0.8229398663697104 0.615 0.15812917594654788 0.45
0 0.3641425389755011 0.62 0.17594654788418707 0.54
0 0.14699331848552338 0.6433333333333334 0.13363028953229397 0.4666666666666667
0 0.6681514476614699 0.5850000000000001 0.17817371937639198 0.38333333333333336
0 0.28953229398663693 0.6383333333333334 0.06236080178173719 0.44333333333333336
0 0.3975501113585746 0.6583333333333333 0.08685968819599109 0.3766666666666667
1 0.13140311804008908 0.43000000000000005 0.04899777282850779 0.04
1 0.6347438752783964 0.42000000000000004 0.04008908685968819 0.05333333333333334
1 0.36302895322939865 0.3766666666666667 0.04899777282850779 0.04
1 0.49443207126948774 0.39666666666666667 0.04899777282850779 0.06666666666666667
1 0.29955456570155903 0.43500000000000005 0.0378619153674833 0.030000000000000002
1 0.7928730512249443 0.4266666666666667 0.044543429844097995 0.06666666666666667
2 0.8919821826280623 0.6183333333333334 0.024498886414253896 0.03666666666666667
2 0.4365256124721603 0.5483333333333333 0.022271714922048998 0.030000000000000002
2 0.20601336302895323 0.5616666666666666 0.024498886414253896 0.043333333333333335
2 0.755011135857461 0.5016666666666667 0.022271714922048998 0.03666666666666667
2 0.4298440979955456 0.42500000000000004 0.04008908685968819 0.030000000000000002
2 0.7483296213808462 0.5366666666666667 0.022271714922048998 0.02666666666666667
5 0.35189309576837413 0.8733333333333334 0.044543429844097995 0.02666666666666667
5 0.2962138084632517 0.8683333333333334 0.04008908685968819 0.030000000000000002
5 0.8084632516703786 0.81 0.04899777282850779 0.02
5 0.5267260579064588 0.8450000000000001 0.0378619153674833 0.030000000000000002
7 0.5244988864142539 0.6316666666666667 0.16703786191536749 0.43000000000000005
7 0.14365256124721604 0.6733333333333333 0.12694877505567928 0.4
7 0.8318485523385301 0.6433333333333334 0.1403118040089087 0.39333333333333337
7 0.6614699331848553 0.615 0.155902004454343 0.31
7 0.3908685968819599 0.6833333333333333 0.06458797327394208 0.32
