0 0.5730337078651685 0.5633333333333334 0.0749063670411985 0.4666666666666667
0 0.4147940074906367 0.5533333333333333 0.07303370786516854 0.4133333333333334
0 0.15262172284644196 0.5533333333333333 0.08426966292134831 0.56
0 0.29213483146067415 0.5616666666666666 0.04868913857677903 0.5966666666666667
0 0.19850187265917604 0.5666666666666667 0.10112359550561797 0.7000000000000001
0 0.23595505617977527 0.5633333333333334 0.16853932584269662 0.8600000000000001
5 0.40730337078651685 0.7466666666666667 0.02059925093632959 0.02666666666666667
5 0.5805243445692884 0.7833333333333334 0.0299625468164794 0.02666666666666667
7 0.5786516853932584 0.5833333333333334 0.06367041198501873 0.39333333333333337
7 0.24344569288389514 0.6166666666666667 0.10861423220973783 0.7466666666666667
7 0.4166666666666667 0.5783333333333334 0.06928838951310862 0.33666666666666667
7 0.5739700374531835 0.5616666666666666 0.07677902621722847 0.47000000000000003
