0 0.872 0.6799999999999999 0.17200000000000001 0.6293333333333333
0 0.582 0.692 0.14400000000000002 0.6106666666666667
0 0.28500000000000003 0.6693333333333333 0.154 0.656
0 0.752 0.688 0.16 0.6186666666666667
0 0.145 0.648 0.17400000000000002 0.6986666666666667
0 0.435 0.6639999999999999 0.194 0.6613333333333333
1 0.851 0.412 0.11 0.088
1 0.32 0.372 0.07200000000000001 0.06666666666666667
1 0.156 0.33599999999999997 0.092 0.07466666666666666
1 0.481 0.38 0.07 0.09333333333333332
1 0.71 0.42 0.076 0.08266666666666667
1 0.5750000000000001 0.432 0.07 0.09066666666666666
