0 0.1859375 0.571875 0.375 0.8500000000000001
0 0.8289062500000001 0.5789062500000001 0.33906250000000004 0.8359375
0 0.9476562500000001 0.34375 0.09531250000000001 0.178125
0 0.47187500000000004 0.73828125 0.25625000000000003 0.5171875
0 0.30000000000000004 0.40625 0.1875 0.403125
0 0.6796875 0.49843750000000003 0.171875 0.7000000000000001
0 0.47578125000000004 0.38593750000000004 0.1421875 0.35000000000000003
1 0.81015625 0.28515625 0.19843750000000002 0.24531250000000002
1 0.14140625 0.2328125 0.16718750000000002 0.171875
1 0.5359375000000001 0.23593750000000002 0.05 0.05625
1 0.47968750000000004 0.2390625 0.0625 0.059375000000000004
1 0.38515625000000003 0.26953125 0.0546875 0.06406250000000001
1 0.6828125 0.20703125 0.096875 0.11406250000000001
1 0.6046875 0.22890625 0.08125 0.1046875
2 0.53515625 0.6156250000000001 0.0546875 0.06875
2 0.38906250000000003 0.7039062500000001 0.043750000000000004 0.09843750000000001
5 0.5578125 0.9328125 0.078125 0.12812500000000002
5 0.44453125000000004 0.9625 0.08281250000000001 0.06875
7 0.83203125 0.70703125 0.3296875 0.5765625
7 0.47890625000000003 0.4140625 0.1421875 0.19062500000000002
