0 0.8679458239277652 0.3980099502487562 0.14672686230248305 0.4975124378109453
0 0.255079006772009 0.4502487562189055 0.1399548532731377 0.36318407960199006
0 0.5609480812641083 0.4490049751243781 0.14672686230248305 0.3706467661691542
0 0.08690744920993228 0.4490049751243781 0.14221218961625282 0.3407960199004975
1 0.2968397291196388 0.2885572139303483 0.05191873589164785 0.03980099502487562
1 0.10270880361173813 0.2947761194029851 0.04288939051918735 0.03233830845771144
1 0.5688487584650113 0.2835820895522388 0.040632054176072234 0.03482587064676617
1 0.8521444695259593 0.17537313432835822 0.0654627539503386 0.05223880597014925
5 0.8792325056433408 0.6305970149253731 0.03837471783295711 0.022388059701492536
5 0.03611738148984198 0.6032338308457711 0.03611738148984198 0.02736318407960199
5 0.8408577878103837 0.6355721393034826 0.02934537246049661 0.022388059701492536
5 0.20880361173814896 0.6119402985074627 0.05191873589164785 0.029850746268656716
