0 0.64 0.5392749244712991 0.136 0.7220543806646526
0 0.168 0.6888217522658611 0.28800000000000003 0.6163141993957704
0 0.805 0.729607250755287 0.10200000000000001 0.43202416918429004
0 0.404 0.6042296072507553 0.076 0.2416918429003021
1 0.183 0.47129909365558914 0.186 0.18731117824773413
1 0.784 0.5317220543806647 0.04 0.04229607250755287
1 0.668 0.22356495468277945 0.07200000000000001 0.09063444108761329
5 0.621 0.8761329305135952 0.026000000000000002 0.04833836858006042
7 0.641 0.5785498489425982 0.13 0.595166163141994
7 0.806 0.7552870090634441 0.1 0.36253776435045315
7 0.148 0.8096676737160121 0.248 0.3685800604229607
