0 0.31938775510204087 0.7653374233128835 0.05918367346938776 0.19325153374233128
0 0.20714285714285716 0.7177914110429447 0.03877551020408164 0.19631901840490798
0 0.1795918367346939 0.7024539877300614 0.036734693877551024 0.1901840490797546
0 0.8642857142857143 0.23006134969325154 0.05918367346938776 0.1411042944785276
0 0.8244897959183675 0.31901840490797545 0.05714285714285715 0.1411042944785276
1 0.3346938775510204 0.6809815950920246 0.020408163265306124 0.018404907975460124
1 0.2142857142857143 0.6349693251533742 0.020408163265306124 0.024539877300613498
1 0.1836734693877551 0.6226993865030676 0.020408163265306124 0.024539877300613498
1 0.8244897959183675 0.2638036809815951 0.0163265306122449 0.018404907975460124
1 0.8500000000000001 0.17791411042944785 0.018367346938775512 0.024539877300613498
