0 0.176 0.6856287425149701 0.092 0.38323353293413176
0 0.71 0.7125748502994013 0.14 0.5688622754491018
0 0.505 0.7020958083832336 0.11800000000000001 0.5538922155688623
0 0.342 0.6526946107784432 0.092 0.3413173652694611
0 0.65 0.6362275449101796 0.068 0.36227544910179643
0 0.754 0.5329341317365269 0.048 0.16766467065868265
0 0.607 0.5479041916167665 0.038 0.15568862275449102
0 0.554 0.6377245508982037 0.068 0.37125748502994016
0 0.305 0.62874251497006 0.042 0.2694610778443114
0 0.879 0.48652694610778446 0.014 0.062874251497006
1 0.5 0.44910179640718567 0.044 0.04790419161676647
1 0.17400000000000002 0.5164670658682635 0.036000000000000004 0.038922155688622756
1 0.374 0.6497005988023953 0.032 0.04191616766467066
1 0.308 0.5074850299401198 0.02 0.02694610778443114
1 0.757 0.4625748502994012 0.018000000000000002 0.02095808383233533
5 0.506 0.9191616766467067 0.016 0.029940119760479042
5 0.332 0.8068862275449102 0.028 0.02095808383233533
5 0.661 0.8008982035928144 0.018000000000000002 0.02694610778443114
5 0.526 0.9640718562874252 0.028 0.029940119760479042
5 0.193 0.8592814371257486 0.018000000000000002 0.029940119760479042
5 0.368 0.7799401197604791 0.012 0.02694610778443114
5 0.6970000000000001 0.9820359281437127 0.026000000000000002 0.029940119760479042
5 0.56 0.811377245508982 0.016 0.017964071856287428
5 0.72 0.9416167664670659 0.012 0.02694610778443114
