0 0.95125 0.8402255639097744 0.0925 0.30451127819548873
0 0.73875 0.8909774436090225 0.0425 0.14285714285714285
0 0.5437500000000001 0.8966165413533834 0.0325 0.12406015037593984
0 0.82125 0.4699248120300752 0.0525 0.22556390977443608
1 0.9475 0.7086466165413533 0.04 0.041353383458646614
1 0.5375 0.843984962406015 0.01 0.018796992481203006
1 0.80625 0.4041353383458646 0.0175 0.02631578947368421
6 0.81625 0.43421052631578944 0.0425 0.08646616541353383
6 0.9450000000000001 0.8214285714285714 0.08 0.13157894736842105
6 0.735 0.8665413533834586 0.03 0.041353383458646614
