0 0.395 0.6159638554216867 0.106 0.33433734939759036
0 0.521 0.4954819277108434 0.10200000000000001 0.2680722891566265
0 0.25 0.7710843373493976 0.10400000000000001 0.3313253012048193
0 0.185 0.661144578313253 0.082 0.25
0 0.834 0.6957831325301205 0.12 0.27710843373493976
1 0.177 0.5662650602409639 0.038 0.060240963855421686
1 0.491 0.3885542168674699 0.03 0.05421686746987952
1 0.877 0.5933734939759037 0.034 0.060240963855421686
1 0.22 0.6355421686746988 0.04 0.05421686746987952
1 0.36 0.4774096385542169 0.032 0.05120481927710844
2 0.859 0.7530120481927711 0.022 0.042168674698795185
2 0.353 0.6355421686746988 0.018000000000000002 0.024096385542168676
2 0.561 0.49096385542168675 0.022 0.024096385542168676
2 0.233 0.8012048192771085 0.018000000000000002 0.024096385542168676
2 0.159 0.7424698795180723 0.03 0.06325301204819278
5 0.28700000000000003 0.8885542168674699 0.026000000000000002 0.04819277108433735
7 0.257 0.7786144578313253 0.09 0.25
7 0.519 0.4924698795180723 0.106 0.2680722891566265
7 0.527 0.44728915662650603 0.05 0.15963855421686748
7 0.398 0.5662650602409639 0.088 0.16867469879518074
7 0.8230000000000001 0.674698795180723 0.082 0.20481927710843376
5 0.536 0.5843373493975904 0.036000000000000004 0.0783132530120482
5 0.23800000000000002 0.9141566265060241 0.036000000000000004 0.057228915662650606
