0 0.09 0.6373134328358209 0.124 0.48059701492537316
0 0.642 0.5671641791044776 0.116 0.5373134328358209
0 0.187 0.5985074626865672 0.11 0.40298507462686567
0 0.308 0.5985074626865672 0.08 0.44477611940298506
0 0.858 0.5940298507462687 0.28 0.8059701492537313
0 0.458 0.6686567164179105 0.252 0.6567164179104478
0 0.482 0.573134328358209 0.10400000000000001 0.45970149253731346
0 0.977 0.24029850746268658 0.042 0.2537313432835821
5 0.129 0.8402985074626865 0.046 0.026865671641791045
5 0.517 0.7761194029850746 0.03 0.029850746268656716
5 0.224 0.764179104477612 0.032 0.01791044776119403
5 0.33 0.8059701492537313 0.032 0.029850746268656716
5 0.666 0.8029850746268656 0.024 0.06567164179104477
5 0.17500000000000002 0.7835820895522388 0.022 0.026865671641791045
5 0.095 0.8582089552238806 0.042 0.03283582089552239
5 0.629 0.7835820895522388 0.046 0.03283582089552239
5 0.47200000000000003 0.7865671641791044 0.02 0.026865671641791045
