0 0.806 0.6636636636636637 0.17200000000000001 0.6666666666666666
0 0.633 0.6906906906906907 0.14200000000000002 0.6126126126126126
0 0.9440000000000001 0.7027027027027027 0.108 0.5885885885885885
0 0.499 0.6786786786786787 0.138 0.6366366366366366
0 0.374 0.6906906906906907 0.136 0.6126126126126126
0 0.197 0.6936936936936937 0.154 0.6066066066066066
0 0.281 0.7027027027027027 0.122 0.5885885885885885
1 0.8150000000000001 0.37537537537537535 0.078 0.09009009009009009
1 0.222 0.4174174174174174 0.052000000000000005 0.06006006006006006
1 0.28700000000000003 0.4369369369369369 0.058 0.057057057057057055
1 0.629 0.4249249249249249 0.066 0.07507507507507508
1 0.372 0.4249249249249249 0.06 0.06906906906906907
1 0.486 0.3948948948948949 0.07200000000000001 0.06906906906906907
1 0.986 0.44144144144144143 0.024 0.06606606606606606
5 0.145 0.9729729729729729 0.034 0.04204204204204204
