0 0.339 0.5255255255255256 0.202 0.9429429429429429
0 0.184 0.7237237237237237 0.168 0.5465465465465466
0 0.6970000000000001 0.7267267267267267 0.122 0.5405405405405406
0 0.508 0.6036036036036035 0.384 0.7867867867867868
0 0.484 0.7087087087087087 0.136 0.5705705705705706
1 0.64 0.4774774774774775 0.12 0.18018018018018017
1 0.72 0.5195195195195195 0.048 0.12012012012012012
1 0.513 0.47147147147147145 0.078 0.0960960960960961
1 0.20500000000000002 0.5015015015015015 0.07 0.09009009009009009
2 0.361 0.27927927927927926 0.07 0.10810810810810811
2 0.156 0.7822822822822822 0.06 0.0990990990990991
7 0.338 0.6066066066066066 0.2 0.7747747747747747
7 0.521 0.6606606606606606 0.28600000000000003 0.6666666666666666
7 0.183 0.7777777777777778 0.166 0.43243243243243246
7 0.6970000000000001 0.7897897897897898 0.122 0.4084084084084084
