0 0.311 0.5492957746478874 0.17 0.6704225352112676
0 0.505 0.5774647887323944 0.17400000000000002 0.6704225352112676
0 0.757 0.6056338028169015 0.306 0.7436619718309859
0 0.145 0.6014084507042254 0.166 0.7183098591549296
0 0.783 0.5676056338028169 0.114 0.6676056338028169
0 0.167 0.5549295774647888 0.13 0.6816901408450705
5 0.263 0.8605633802816902 0.03 0.036619718309859155
5 0.797 0.8774647887323944 0.03 0.04225352112676056
5 0.36 0.8394366197183099 0.07200000000000001 0.03943661971830986
5 0.47100000000000003 0.8338028169014085 0.054 0.14647887323943662
5 0.538 0.8295774647887324 0.044 0.13802816901408452
5 0.67 0.8464788732394367 0.07200000000000001 0.1267605633802817
5 0.731 0.8845070422535212 0.058 0.16901408450704225
5 0.155 0.8774647887323944 0.114 0.15492957746478875
