0 0.298 0.5405405405405406 0.10400000000000001 0.4024024024024024
0 0.722 0.5765765765765766 0.124 0.5105105105105106
0 0.558 0.5285285285285285 0.08 0.4264264264264264
0 0.616 0.5555555555555556 0.084 0.43843843843843844
0 0.458 0.5255255255255256 0.076 0.4024024024024024
0 0.667 0.5135135135135135 0.046 0.34234234234234234
0 0.418 0.5105105105105106 0.06 0.35435435435435436
0 0.77 0.5405405405405406 0.064 0.42042042042042044
0 0.355 0.5225225225225225 0.066 0.3363363363363363
0 0.372 0.4924924924924925 0.044 0.29429429429429427
5 0.322 0.7222222222222222 0.024 0.02102102102102102
5 0.685 0.7867867867867868 0.046 0.024024024024024024
5 0.274 0.7222222222222222 0.02 0.03303303303303303
5 0.481 0.7132132132132132 0.018000000000000002 0.02702702702702703
5 0.726 0.8168168168168168 0.028 0.03003003003003003
5 0.782 0.7342342342342342 0.024 0.02702702702702703
5 0.371 0.6741741741741741 0.018000000000000002 0.02102102102102102
5 0.534 0.7207207207207207 0.032 0.024024024024024024
5 0.341 0.6681681681681682 0.03 0.02102102102102102
5 0.58 0.7282282282282282 0.016 0.02102102102102102
5 0.439 0.7057057057057057 0.038 0.024024024024024024
5 0.628 0.7657657657657657 0.036000000000000004 0.024024024024024024
5 0.427 0.6786786786786787 0.022 0.024024024024024024
5 0.599 0.7492492492492493 0.046 0.02102102102102102
5 0.659 0.6726726726726726 0.022 0.024024024024024024
