0 0.812 0.6679999999999999 0.136 0.568
0 0.387 0.64 0.134 0.48533333333333334
0 0.32 0.608 0.1 0.46399999999999997
0 0.45 0.588 0.088 0.4933333333333333
0 0.503 0.644 0.126 0.52
0 0.684 0.636 0.112 0.5413333333333333
0 0.61 0.644 0.112 0.536
0 0.746 0.644 0.1 0.5093333333333333
0 0.404 0.408 0.04 0.09066666666666666
0 0.5640000000000001 0.612 0.064 0.4666666666666667
5 0.361 0.868 0.026000000000000002 0.029333333333333333
5 0.309 0.824 0.038 0.026666666666666665
5 0.51 0.884 0.032 0.034666666666666665
5 0.602 0.896 0.048 0.03733333333333333
5 0.426 0.864 0.024 0.026666666666666665
5 0.754 0.8853333333333333 0.032 0.032
5 0.78 0.9079999999999999 0.048 0.04
5 0.8160000000000001 0.9319999999999999 0.052000000000000005 0.04
5 0.5740000000000001 0.8773333333333333 0.04 0.032
5 0.67 0.888 0.044 0.03733333333333333
5 0.461 0.856 0.042 0.032
5 0.717 0.8653333333333333 0.046 0.024
5 0.645 0.8573333333333333 0.03 0.024
5 0.549 0.832 0.03 0.026666666666666665
