0 0.64375 0.5328125 0.146875 0.696875
0 0.16718750000000002 0.6890625 0.290625 0.6156250000000001
0 0.8070312500000001 0.7328125000000001 0.1015625 0.434375
0 0.40468750000000003 0.609375 0.078125 0.23750000000000002
1 0.184375 0.47578125000000004 0.1875 0.1859375
1 0.67578125 0.22890625 0.0859375 0.0921875
1 0.78515625 0.5359375000000001 0.0421875 0.043750000000000004
7 0.640625 0.58125 0.134375 0.596875
7 0.8046875 0.7578125 0.1 0.359375
7 0.14765625000000002 0.8132812500000001 0.2484375 0.3671875
