0 0.7266666666666667 0.40635451505016723 0.12 0.2709030100334448
0 0.13777777777777778 0.4331103678929766 0.21333333333333332 0.8662207357859532
0 0.5955555555555555 0.3963210702341137 0.10222222222222223 0.24414715719063546
0 0.5177777777777778 0.5719063545150501 0.3022222222222222 0.842809364548495
0 0.2588888888888889 0.2591973244147157 0.13555555555555557 0.4180602006688963
0 0.2577777777777778 0.21070234113712374 0.13333333333333333 0.3210702341137124
1 0.11444444444444445 0.030100334448160536 0.1 0.06688963210702341
1 0.69 0.3076923076923077 0.042222222222222223 0.07357859531772575
5 0.21333333333333332 0.8210702341137124 0.06666666666666667 0.07023411371237458
5 0.09555555555555556 0.8344481605351171 0.05333333333333333 0.06354515050167224
5 0.7466666666666667 0.5234113712374582 0.04 0.03678929765886287
