0 0.343 0.45301204819277113 0.23800000000000002 0.4481927710843374
0 0.507 0.5096385542168675 0.11 0.4409638554216868
0 0.623 0.6289156626506025 0.146 0.45783132530120485
0 0.793 0.6662650602409639 0.194 0.45060240963855425
0 0.728 0.6602409638554217 0.136 0.5397590361445783
0 0.447 0.35060240963855427 0.11 0.28192771084337354
1 0.419 0.23373493975903617 0.05 0.04819277108433735
1 0.805 0.46746987951807234 0.058 0.05301204819277109
1 0.327 0.25542168674698795 0.054 0.04819277108433735
1 0.725 0.44698795180722894 0.058 0.04096385542168675
2 0.241 0.4240963855421687 0.03 0.03855421686746988
5 0.778 0.8987951807228917 0.032 0.06265060240963856
5 0.676 0.83855421686747 0.04 0.03855421686746988
5 0.729 0.8337349397590362 0.062 0.07228915662650603
5 0.904 0.810843373493976 0.028 0.0746987951807229
5 0.5 0.7060240963855422 0.032 0.04819277108433735
5 0.529 0.6662650602409639 0.054 0.06987951807228916
7 0.341 0.45421686746987955 0.234 0.4409638554216868
7 0.506 0.5060240963855422 0.112 0.3662650602409639
7 0.8180000000000001 0.6807228915662651 0.116 0.35421686746987957
7 0.723 0.6409638554216868 0.11800000000000001 0.3518072289156627
