0 0.17200000000000001 0.5105105105105106 0.188 0.5405405405405406
0 0.439 0.5765765765765766 0.226 0.5225225225225225
1 0.501 0.3483483483483483 0.062 0.06006006006006006
1 0.197 0.2627627627627628 0.054 0.03903903903903904
2 0.165 0.40540540540540543 0.022 0.036036036036036036
2 0.445 0.4894894894894895 0.018000000000000002 0.03003003003003003
5 0.098 0.7552552552552553 0.036000000000000004 0.03903903903903904
5 0.434 0.8093093093093093 0.032 0.05105105105105105
5 0.179 0.7447447447447447 0.046 0.04204204204204204
5 0.353 0.7342342342342342 0.054 0.08708708708708708
