0 0.305 0.6039156626506025 0.17400000000000002 0.786144578313253
0 0.106 0.5948795180722892 0.184 0.8042168674698795
0 0.47600000000000003 0.608433734939759 0.156 0.7771084337349398
0 0.8160000000000001 0.6114457831325302 0.196 0.7710843373493976
0 0.641 0.6325301204819277 0.166 0.7289156626506025
1 0.123 0.23192771084337352 0.078 0.0783132530120482
1 0.492 0.25 0.064 0.060240963855421686
1 0.842 0.25903614457831325 0.076 0.07228915662650603
1 0.618 0.3057228915662651 0.06 0.06927710843373494
1 0.293 0.24698795180722893 0.066 0.07228915662650603
5 0.65 0.9412650602409639 0.056 0.06927710843373494
5 0.6 0.9578313253012049 0.032 0.07228915662650603
5 0.34600000000000003 0.9864457831325302 0.04 0.021084337349397592
5 0.458 0.9427710843373495 0.032 0.10843373493975904
5 0.513 0.9367469879518073 0.054 0.10843373493975904
7 0.107 0.6671686746987953 0.186 0.6536144578313253
6 0.295 0.4954819277108434 0.158 0.3102409638554217
6 0.62 0.5150602409638555 0.12 0.27108433734939763
6 0.46900000000000003 0.4924698795180723 0.14200000000000002 0.286144578313253
