0 0.516 0.44328358208955226 0.07200000000000001 0.2656716417910448
0 0.606 0.8492537313432836 0.068 0.2835820895522388
0 0.324 0.20149253731343283 0.07200000000000001 0.32537313432835824
0 0.452 0.6044776119402985 0.068 0.1044776119402985
1 0.505 0.32686567164179103 0.026000000000000002 0.03283582089552239
1 0.444 0.5686567164179105 0.028 0.03283582089552239
1 0.585 0.7268656716417911 0.026000000000000002 0.03283582089552239
1 0.304 0.05074626865671642 0.024 0.029850746268656716
2 0.321 0.0626865671641791 0.018000000000000002 0.023880597014925373
5 0.328 0.35074626865671643 0.024 0.026865671641791045
