0 0.6910000000000001 0.608 0.138 0.6026666666666667
0 0.23700000000000002 0.692 0.166 0.6053333333333333
0 0.583 0.592 0.098 0.45866666666666667
0 0.494 0.58 0.08 0.408
0 0.404 0.616 0.10400000000000001 0.448
0 0.34 0.636 0.088 0.52
5 0.65 0.8613333333333333 0.052000000000000005 0.032
5 0.47600000000000003 0.764 0.032 0.034666666666666665
5 0.608 0.7973333333333333 0.024 0.032
5 0.52 0.768 0.02 0.032
5 0.421 0.8039999999999999 0.03 0.029333333333333333
5 0.56 0.8039999999999999 0.048 0.034666666666666665
5 0.371 0.82 0.022 0.034666666666666665
5 0.365 0.856 0.038 0.03733333333333333
5 0.728 0.9013333333333333 0.032 0.032
