0 0.116 0.6362275449101796 0.156 0.218562874251497
0 0.227 0.6152694610778443 0.106 0.17065868263473055
0 0.515 0.7979041916167665 0.242 0.3982035928143713
0 0.425 0.5793413173652695 0.09 0.14670658682634732
0 0.331 0.594311377245509 0.082 0.17664670658682635
0 0.556 0.5643712574850299 0.064 0.11676646706586827
0 0.632 0.7425149700598803 0.132 0.39520958083832336
0 0.755 0.6691616766467067 0.138 0.218562874251497
0 0.73 0.6392215568862276 0.1 0.19461077844311378
0 0.755 0.6991017964071856 0.138 0.2784431137724551
