0 0.549 0.5573065902578797 0.146 0.2492836676217765
0 0.874 0.40114613180515757 0.12 0.1833810888252149
0 0.39 0.40401146131805155 0.1 0.2521489971346705
0 0.614 0.39111747851002865 0.08 0.14040114613180515
1 0.424 0.3108882521489971 0.032 0.05444126074498567
1 0.873 0.32808022922636104 0.026000000000000002 0.03151862464183381
1 0.5650000000000001 0.4828080229226361 0.066 0.09455587392550142
1 0.587 0.3452722063037249 0.026000000000000002 0.03724928366762178
2 0.579 0.6504297994269341 0.03 0.05157593123209169
2 0.497 0.5243553008595988 0.026000000000000002 0.034383954154727794
7 0.549 0.5573065902578797 0.146 0.2492836676217765
7 0.872 0.4083094555873925 0.116 0.14040114613180515
6 0.551 0.5544412607449857 0.14200000000000002 0.16905444126074498
6 0.611 0.38108882521489973 0.062 0.08022922636103151
5 0.866 0.3997134670487106 0.084 0.12320916905444125
