0 0.646 0.6636636636636637 0.312 0.6606606606606606
0 0.906 0.4984984984984985 0.184 0.996996996996997
0 0.556 0.6516516516516516 0.232 0.6906906906906907
0 0.797 0.4954954954954955 0.306 0.996996996996997
1 0.78 0.08408408408408408 0.14400000000000002 0.17417417417417416
1 0.55 0.43543543543543545 0.116 0.2042042042042042
1 0.871 0.04954954954954955 0.106 0.0990990990990991
1 0.514 0.36786786786786785 0.08 0.11711711711711711
1 0.908 0.04804804804804805 0.18 0.1021021021021021
2 0.463 0.6726726726726726 0.054 0.07207207207207207
6 0.686 0.6036036036036035 0.224 0.4984984984984985
6 0.53 0.6171171171171171 0.096 0.24324324324324323
6 0.85 0.5465465465465466 0.17200000000000001 0.6246246246246246
6 0.9560000000000001 0.47147147147147145 0.084 0.45045045045045046
