0 0.4575 0.6066666666666667 0.21500000000000002 0.7733333333333334
0 0.17500000000000002 0.5766666666666667 0.22666666666666668 0.8333333333333334
0 0.7525000000000001 0.5516666666666667 0.19833333333333333 0.89
1 0.755 0.15833333333333335 0.06666666666666667 0.09666666666666668
1 0.195 0.22666666666666668 0.07333333333333333 0.12000000000000001
1 0.49000000000000005 0.2733333333333334 0.06666666666666667 0.09333333333333334
2 0.085 0.7266666666666667 0.043333333333333335 0.11333333333333334
2 0.26833333333333337 0.7816666666666667 0.030000000000000002 0.12333333333333334
2 0.8275 0.7200000000000001 0.04166666666666667 0.14
2 0.6975 0.45333333333333337 0.05166666666666667 0.13333333333333333
6 0.17250000000000001 0.5633333333333334 0.14500000000000002 0.39333333333333337
6 0.47000000000000003 0.6050000000000001 0.15666666666666668 0.43000000000000005
6 0.7525000000000001 0.5166666666666667 0.155 0.43333333333333335
