0 0.32916666666666666 0.3599439775910364 0.125 0.4789915966386555
0 0.6260416666666666 0.4789915966386555 0.11041666666666666 0.5882352941176471
0 0.5270833333333333 0.35714285714285715 0.1 0.4173669467787115
0 0.690625 0.3473389355742297 0.11875 0.4649859943977591
0 0.6645833333333333 0.3473389355742297 0.17083333333333334 0.4649859943977591
5 0.3614583333333333 0.5714285714285714 0.052083333333333336 0.022408963585434174
5 0.6041666666666666 0.7492997198879552 0.0625 0.047619047619047616
5 0.31354166666666666 0.5798319327731093 0.027083333333333334 0.0392156862745098
5 0.65625 0.7254901960784313 0.05 0.0392156862745098
5 0.5572916666666666 0.5560224089635855 0.022916666666666665 0.025210084033613446
5 0.5010416666666666 0.5392156862745098 0.035416666666666666 0.04201680672268908
5 0.6989583333333333 0.5518207282913166 0.03958333333333333 0.028011204481792718
5 0.7375 0.5686274509803921 0.025 0.03361344537815126
