0 0.5650000000000001 0.6460176991150443 0.194 0.7020648967551623
0 0.44 0.6607669616519174 0.14 0.5781710914454277
0 0.232 0.612094395280236 0.092 0.41002949852507375
0 0.34600000000000003 0.6253687315634218 0.1 0.49557522123893805
5 0.441 0.9233038348082596 0.042 0.04129793510324484
5 0.221 0.803834808259587 0.038 0.02654867256637168
5 0.651 0.8259587020648967 0.038 0.02359882005899705
5 0.267 0.7595870206489675 0.018000000000000002 0.04424778761061947
5 0.495 0.9262536873156342 0.022 0.04129793510324484
5 0.359 0.8525073746312685 0.022 0.029498525073746312
