0 0.611 0.5135135135135135 0.166 0.3363363363363363
0 0.438 0.5285285285285285 0.112 0.16816816816816815
0 0.517 0.5165165165165165 0.114 0.23423423423423423
1 0.424 0.4744744744744745 0.036000000000000004 0.06006006006006006
1 0.483 0.4339339339339339 0.046 0.06906906906906907
1 0.5640000000000001 0.3783783783783784 0.052000000000000005 0.07207207207207207
5 0.446 0.5945945945945946 0.024 0.03003003003003003
5 0.604 0.6486486486486487 0.032 0.036036036036036036
5 0.651 0.6576576576576576 0.026000000000000002 0.04804804804804805
5 0.515 0.6186186186186187 0.038 0.03003003003003003
6 0.625 0.5045045045045045 0.138 0.21021021021021022
6 0.445 0.5255255255255256 0.094 0.15615615615615616
6 0.526 0.5135135135135135 0.096 0.16816816816816815
