0 0.17200000000000001 0.6510574018126888 0.23600000000000002 0.6918429003021148
0 0.327 0.7658610271903323 0.20600000000000002 0.4561933534743202
0 0.621 0.7265861027190332 0.246 0.5347432024169184
0 0.437 0.5226586102719033 0.246 0.7069486404833837
0 0.96 0.6978851963746223 0.076 0.3323262839879154
0 0.785 0.7326283987915407 0.138 0.5287009063444109
0 0.894 0.6978851963746223 0.092 0.513595166163142
0 0.896 0.648036253776435 0.084 0.4078549848942598
1 0.327 0.5891238670694864 0.08600000000000001 0.09667673716012085
1 0.8180000000000001 0.4984894259818731 0.06 0.060422960725075525
1 0.47200000000000003 0.2175226586102719 0.07200000000000001 0.09667673716012085
1 0.23600000000000002 0.3610271903323263 0.1 0.11782477341389729
1 0.329 0.2326283987915408 0.082 0.08459214501510574
1 0.707 0.4607250755287009 0.054 0.0513595166163142
1 0.664 0.5090634441087614 0.068 0.08761329305135952
1 0.881 0.47129909365558914 0.038 0.060422960725075525
2 0.523 0.5377643504531722 0.054 0.1027190332326284
2 0.734 0.5120845921450151 0.036000000000000004 0.0513595166163142
2 0.561 0.4169184290030212 0.042 0.06646525679758308
7 0.164 0.7009063444108762 0.216 0.5740181268882175
7 0.41100000000000003 0.47583081570996977 0.134 0.4501510574018127
