0 0.643 0.4924924924924925 0.458 0.8768768768768769
0 0.858 0.33933933933933935 0.192 0.6246246246246246
0 0.324 0.45345345345345345 0.216 0.4444444444444444
0 0.16 0.6216216216216216 0.3 0.7507507507507507
1 0.6970000000000001 0.12012012012012012 0.14200000000000002 0.12612612612612611
1 0.8130000000000001 0.1021021021021021 0.10200000000000001 0.15015015015015015
1 0.362 0.3138138138138138 0.084 0.15915915915915915
1 0.245 0.3213213213213213 0.09 0.15015015015015015
2 0.229 0.9054054054054054 0.058 0.12312312312312312
2 0.39 0.5645645645645646 0.08 0.15615615615615616
2 0.446 0.5495495495495496 0.064 0.11411411411411411
2 0.379 0.5405405405405406 0.062 0.11411411411411411
5 0.526 0.8798798798798799 0.132 0.10810810810810811
5 0.468 0.7222222222222222 0.108 0.08708708708708708
5 0.624 0.8003003003003003 0.092 0.0990990990990991
