0 0.76 0.5465465465465466 0.372 0.8708708708708709
0 0.341 0.5405405405405406 0.55 0.8348348348348348
1 0.525 0.2057057057057057 0.09 0.15915915915915915
1 0.6920000000000001 0.18618618618618618 0.136 0.15015015015015015
2 0.594 0.6096096096096096 0.044 0.07807807807807808
5 0.11800000000000001 0.9084084084084084 0.096 0.09309309309309309
5 0.727 0.9174174174174174 0.154 0.11711711711711711
5 0.492 0.7507507507507507 0.10400000000000001 0.06606606606606606
5 0.906 0.8363363363363363 0.08 0.17717717717717718
6 0.777 0.4924924924924925 0.298 0.45645645645645644
6 0.367 0.36936936936936937 0.258 0.3003003003003003
