0 0.85 0.5474934036939314 0.296 0.8944591029023746
0 0.186 0.5567282321899736 0.372 0.8707124010554089
0 0.429 0.5422163588390501 0.306 0.9050131926121372
0 0.719 0.5870712401055409 0.25 0.8153034300791556
0 0.638 0.6081794195250659 0.156 0.7678100263852242
1 0.199 0.20316622691292877 0.198 0.15831134564643798
1 0.875 0.19393139841688653 0.226 0.18205804749340368
1 0.424 0.16358839050131926 0.14400000000000002 0.15303430079155672
1 0.734 0.2387862796833773 0.132 0.12401055408970976
1 0.647 0.29287598944591026 0.09 0.13192612137203166
