0 0.24888888888888888 0.5241379310344827 0.5022222222222222 0.9379310344827586
0 0.6966666666666667 0.5310344827586206 0.5622222222222222 0.9310344827586207
0 0.40555555555555556 0.6241379310344828 0.19777777777777777 0.7310344827586207
1 0.16555555555555557 0.1586206896551724 0.15777777777777777 0.2
1 0.37555555555555553 0.3293103448275862 0.1111111111111111 0.13448275862068965
1 0.6766666666666666 0.16896551724137931 0.18888888888888888 0.21379310344827585
2 0.4 0.8448275862068966 0.1688888888888889 0.16551724137931034
2 0.7844444444444444 0.6724137931034483 0.24 0.32413793103448274
2 0.4677777777777778 0.756896551724138 0.10888888888888888 0.17586206896551723
2 0.3333333333333333 0.743103448275862 0.06666666666666667 0.11379310344827587
