0 0.5555555555555556 0.5716666666666667 0.4 0.8433333333333334
0 0.8233333333333334 0.6016666666666667 0.26 0.7833333333333334
0 0.25666666666666665 0.4966666666666667 0.32222222222222224 0.8333333333333334
1 0.5688888888888889 0.225 0.14222222222222222 0.15000000000000002
1 0.7544444444444445 0.275 0.12222222222222222 0.13
1 0.31555555555555553 0.1716666666666667 0.14222222222222222 0.18333333333333335
2 0.8344444444444444 0.8666666666666667 0.09111111111111111 0.18000000000000002
6 0.5655555555555556 0.6683333333333333 0.37555555555555553 0.6233333333333334
6 0.8466666666666667 0.67 0.2088888888888889 0.64
6 0.20666666666666667 0.5583333333333333 0.2222222222222222 0.6433333333333334
