0 0.273 0.7540229885057471 0.134 0.48735632183908045
0 0.684 0.7126436781609196 0.124 0.3954022988505747
0 0.841 0.5770114942528736 0.054 0.11954022988505747
0 0.502 0.7666666666666666 0.12 0.46206896551724136
0 0.755 0.6724137931034483 0.07 0.27816091954022987
0 0.9450000000000001 0.7068965517241379 0.106 0.3931034482758621
0 0.149 0.7091954022988506 0.09 0.3839080459770115
0 0.06 0.7425287356321839 0.12 0.5011494252873563
0 0.5730000000000001 0.7022988505747126 0.09 0.36091954022988504
0 0.396 0.6586206896551724 0.08 0.2827586206896552
0 0.43 0.7068965517241379 0.1 0.3563218390804598
0 0.09 0.7172413793103448 0.096 0.4
0 0.91 0.696551724137931 0.1 0.30344827586206896
0 0.232 0.7264367816091954 0.076 0.38620689655172413
5 0.533 0.9724137931034482 0.054 0.0367816091954023
5 0.032 0.9747126436781609 0.044 0.0367816091954023
5 0.647 0.896551724137931 0.026000000000000002 0.022988505747126436
5 0.6990000000000001 0.8908045977011494 0.046 0.02528735632183908
5 0.297 0.9885057471264368 0.046 0.013793103448275862
5 0.584 0.864367816091954 0.04 0.022988505747126436
5 0.426 0.8747126436781609 0.028 0.02528735632183908
5 0.165 0.8885057471264368 0.042 0.02528735632183908
5 0.732 0.7988505747126436 0.02 0.016091954022988506
5 0.47000000000000003 0.9885057471264368 0.032 0.01839080459770115
5 0.92 0.8701149425287357 0.052000000000000005 0.029885057471264367
5 0.542 0.8724137931034482 0.02 0.016091954022988506
5 0.09 0.9505747126436781 0.06 0.03908045977011494
5 0.114 0.8988505747126436 0.04 0.027586206896551724
5 0.375 0.7862068965517242 0.038 0.022988505747126436
5 0.757 0.7919540229885057 0.03 0.016091954022988506
5 0.135 0.8586206896551724 0.038 0.029885057471264367
5 0.403 0.7885057471264367 0.022 0.022988505747126436
5 0.978 0.8885057471264368 0.02 0.029885057471264367
5 0.048 0.9160919540229885 0.016 0.02528735632183908
5 0.264 0.9103448275862069 0.016 0.01839080459770115
5 0.534 0.9206896551724137 0.012 0.016091954022988506
7 0.27 0.7885057471264367 0.136 0.41839080459770117
7 0.675 0.7344827586206897 0.106 0.32873563218390806
7 0.501 0.7908045977011494 0.122 0.4
7 0.5710000000000001 0.7206896551724138 0.09 0.30114942528735633
7 0.059000000000000004 0.7666666666666666 0.11800000000000001 0.42528735632183906
