0 0.22 0.4894894894894895 0.1 0.45645645645645644
0 0.775 0.5525525525525525 0.126 0.5885885885885885
0 0.324 0.4984984984984985 0.084 0.4264264264264264
0 0.41400000000000003 0.5045045045045045 0.084 0.4444444444444444
0 0.531 0.5105105105105106 0.106 0.46846846846846846
0 0.725 0.4804804804804805 0.058 0.3843843843843844
0 0.633 0.5465465465465466 0.11 0.5045045045045045
0 0.48 0.46846846846846846 0.064 0.37237237237237236
0 0.589 0.4894894894894895 0.058 0.45045045045045046
1 0.227 0.27927927927927926 0.038 0.04204204204204204
1 0.328 0.3033033033033033 0.036000000000000004 0.04204204204204204
1 0.77 0.28678678678678676 0.052000000000000005 0.05105105105105105
1 0.424 0.3048048048048048 0.04 0.04504504504504504
1 0.728 0.30930930930930933 0.036000000000000004 0.04204204204204204
1 0.533 0.2957957957957958 0.038 0.03903903903903904
1 0.597 0.28678678678678676 0.034 0.03903903903903904
1 0.56 0.31981981981981983 0.02 0.02702702702702703
1 0.646 0.3078078078078078 0.028 0.03303303303303303
1 0.495 0.2972972972972973 0.034 0.03003003003003003
1 0.615 0.3123123123123123 0.042 0.04204204204204204
5 0.794 0.8243243243243243 0.028 0.03903903903903904
5 0.494 0.7252252252252253 0.032 0.02702702702702703
5 0.302 0.6966966966966966 0.02 0.036036036036036036
5 0.198 0.7057057057057057 0.02 0.03003003003003003
5 0.393 0.7147147147147147 0.026000000000000002 0.03003003003003003
5 0.341 0.6846846846846847 0.022 0.03003003003003003
5 0.74 0.7897897897897898 0.056 0.036036036036036036
5 0.466 0.6426426426426426 0.032 0.03003003003003003
5 0.435 0.7042042042042042 0.034 0.02102102102102102
5 0.612 0.7522522522522522 0.052000000000000005 0.02702702702702703
5 0.646 0.7807807807807807 0.028 0.036036036036036036
5 0.714 0.6591591591591591 0.036000000000000004 0.02702702702702703
5 0.231 0.6876876876876877 0.034 0.024024024024024024
5 0.553 0.7312312312312312 0.018000000000000002 0.02702702702702703
5 0.581 0.7027027027027027 0.038 0.024024024024024024
5 0.551 0.7297297297297297 0.022 0.036036036036036036
