0 0.599 0.5516759776536313 0.114 0.4162011173184358
0 0.47500000000000003 0.5614525139664804 0.09 0.4134078212290503
0 0.6900000000000001 0.5307262569832403 0.076 0.28491620111731847
0 0.392 0.6634078212290503 0.17200000000000001 0.6396648044692738
1 0.468 0.3756983240223464 0.044 0.04189944134078213
1 0.6 0.3645251396648045 0.044 0.04748603351955307
1 0.371 0.3840782122905028 0.074 0.07541899441340782
1 0.681 0.4022346368715084 0.03 0.0335195530726257
2 0.623 0.5768156424581006 0.022 0.036312849162011177
2 0.5700000000000001 0.5712290502793296 0.012 0.030726256983240226
2 0.715 0.5391061452513967 0.014 0.02793296089385475
2 0.388 0.7304469273743017 0.032 0.04748603351955307
2 0.506 0.5935754189944135 0.016 0.030726256983240226
2 0.321 0.6564245810055866 0.018000000000000002 0.03910614525139665
2 0.433 0.5698324022346369 0.01 0.02793296089385475
2 0.66 0.5139664804469274 0.012 0.0223463687150838
2 0.325 0.6578212290502794 0.026000000000000002 0.04189944134078213
5 0.459 0.846368715083799 0.038 0.07262569832402235
5 0.341 0.9553072625698324 0.07 0.0558659217877095
5 0.5630000000000001 0.7472067039106145 0.042 0.025139664804469275
5 0.626 0.7276536312849162 0.02 0.019553072625698324
5 0.47700000000000004 0.7513966480446927 0.022 0.02793296089385475
5 0.673 0.6522346368715084 0.022 0.019553072625698324
5 0.6920000000000001 0.6564245810055866 0.012 0.02793296089385475
7 0.392 0.6955307262569833 0.164 0.49720670391061456
7 0.604 0.5768156424581006 0.10400000000000001 0.3324022346368715
7 0.6890000000000001 0.5405027932960894 0.074 0.21508379888268156
7 0.47400000000000003 0.5824022346368716 0.092 0.3268156424581006
