0 0.5266666666666666 0.635 0.10222222222222223 0.43000000000000005
0 0.6833333333333333 0.6133333333333334 0.12666666666666668 0.4733333333333334
0 0.8944444444444445 0.64 0.12666666666666668 0.42000000000000004
1 0.5344444444444444 0.44333333333333336 0.03333333333333333 0.04
1 0.6755555555555556 0.39666666666666667 0.04 0.04
1 0.8844444444444445 0.4516666666666667 0.035555555555555556 0.03666666666666667
2 0.7355555555555555 0.625 0.017777777777777778 0.05
2 0.4866666666666667 0.6533333333333333 0.017777777777777778 0.03333333333333333
2 0.8388888888888889 0.6533333333333333 0.02 0.04
2 0.6344444444444445 0.6266666666666667 0.02 0.05333333333333334
2 0.5666666666666667 0.6816666666666668 0.008888888888888889 0.030000000000000002
2 0.94 0.6616666666666667 0.017777777777777778 0.023333333333333334
2 0.9433333333333334 0.6566666666666667 0.02 0.04
5 0.6666666666666666 0.8066666666666668 0.022222222222222223 0.06666666666666667
5 0.8777777777777778 0.8333333333333334 0.035555555555555556 0.02
5 0.9288888888888889 0.8383333333333334 0.022222222222222223 0.023333333333333334
5 0.5066666666666667 0.8066666666666668 0.04 0.08
6 0.52 0.5433333333333333 0.08 0.15333333333333335
