0 0.8200000000000001 0.517515923566879 0.16 0.23885350318471338
0 0.618 0.554140127388535 0.5760000000000001 0.8853503184713376
0 0.867 0.4729299363057325 0.082 0.2898089171974522
0 0.229 0.5095541401273885 0.082 0.1464968152866242
1 0.527 0.21019108280254778 0.15 0.18471337579617836
1 0.874 0.35191082802547774 0.04 0.04777070063694268
1 0.801 0.43312101910828027 0.058 0.06369426751592357
1 0.25 0.4697452229299363 0.036000000000000004 0.06687898089171974
2 0.834 0.8121019108280255 0.14 0.20382165605095542
6 0.559 0.5445859872611465 0.466 0.47770700636942676
2 0.65 0.6687898089171975 0.156 0.178343949044586
6 0.8180000000000001 0.5398089171974523 0.152 0.16242038216560511
