0 0.765 0.5285285285285285 0.114 0.4924924924924925
0 0.657 0.5135135135135135 0.122 0.5225225225225225
0 0.254 0.5345345345345345 0.096 0.4804804804804805
0 0.331 0.5165165165165165 0.13 0.5285285285285285
0 0.516 0.5165165165165165 0.184 0.5225225225225225
0 0.41600000000000004 0.5075075075075075 0.092 0.5285285285285285
0 0.147 0.5195195195195195 0.21 0.5165165165165165
0 0.86 0.5255255255255256 0.124 0.5105105105105106
0 0.5730000000000001 0.5165165165165165 0.10200000000000001 0.5165165165165165
5 0.778 0.7597597597597597 0.036000000000000004 0.024024024024024024
5 0.734 0.7582582582582582 0.02 0.02702702702702703
5 0.592 0.7597597597597597 0.02 0.024024024024024024
5 0.398 0.7522522522522522 0.02 0.02702702702702703
5 0.27 0.7567567567567568 0.032 0.03003003003003003
5 0.138 0.7537537537537538 0.02 0.04204204204204204
5 0.552 0.7582582582582582 0.02 0.02702702702702703
5 0.434 0.7582582582582582 0.02 0.02102102102102102
5 0.228 0.7597597597597597 0.024 0.024024024024024024
5 0.46900000000000003 0.7597597597597597 0.026000000000000002 0.036036036036036036
