0 0.751 0.7177177177177178 0.10200000000000001 0.3963963963963964
0 0.633 0.7207207207207207 0.09 0.4624624624624625
0 0.128 0.7207207207207207 0.124 0.5465465465465466
0 0.922 0.7417417417417418 0.136 0.5045045045045045
0 0.279 0.7297297297297297 0.114 0.5285285285285285
0 0.544 0.7567567567567568 0.092 0.4744744744744745
0 0.22 0.7327327327327328 0.10400000000000001 0.4744744744744745
0 0.41000000000000003 0.7357357357357357 0.096 0.5165165165165165
0 0.96 0.7612612612612613 0.076 0.45945945945945943
0 0.365 0.7282282282282282 0.058 0.44744744744744747
0 0.509 0.6921921921921922 0.054 0.35135135135135137
0 0.038 0.7432432432432432 0.076 0.4954954954954955
0 0.96 0.6951951951951952 0.076 0.3213213213213213
0 0.463 0.7087087087087087 0.082 0.4144144144144144
1 0.629 0.5135135135135135 0.038 0.04804804804804805
1 0.756 0.5405405405405406 0.032 0.036036036036036036
1 0.377 0.527027027027027 0.03 0.03903903903903904
5 0.762 0.9009009009009009 0.028 0.03003003003003003
5 0.709 0.9009009009009009 0.018000000000000002 0.024024024024024024
5 0.661 0.9324324324324325 0.034 0.02702702702702703
5 0.221 0.954954954954955 0.03 0.03003003003003003
5 0.5640000000000001 0.9594594594594594 0.044 0.02702702702702703
5 0.617 0.93993993993994 0.018000000000000002 0.024024024024024024
5 0.532 0.9729729729729729 0.032 0.036036036036036036
5 0.483 0.8903903903903904 0.042 0.02702702702702703
5 0.442 0.8963963963963963 0.016 0.03303303303303303
5 0.028 0.9804804804804804 0.052000000000000005 0.02102102102102102
5 0.495 0.8588588588588588 0.014 0.018018018018018018
5 0.358 0.9354354354354354 0.02 0.02702702702702703
