0 0.426 0.45945945945945943 0.22 0.5405405405405406
0 0.162 0.44744744744744747 0.228 0.6666666666666666
0 0.276 0.3963963963963964 0.18 0.6126126126126126
0 0.803 0.4084084084084084 0.122 0.5705705705705706
0 0.6900000000000001 0.42342342342342343 0.12 0.42042042042042044
1 0.774 0.15465465465465467 0.064 0.057057057057057055
1 0.166 0.15915915915915915 0.07200000000000001 0.09009009009009009
1 0.449 0.24174174174174173 0.062 0.0990990990990991
1 0.6900000000000001 0.2012012012012012 0.036000000000000004 0.04204204204204204
1 0.653 0.25375375375375375 0.042 0.08108108108108109
1 0.23600000000000002 0.13213213213213212 0.056 0.08408408408408408
2 0.8150000000000001 0.466966966966967 0.03 0.05105105105105105
2 0.676 0.4159159159159159 0.024 0.03903903903903904
2 0.781 0.4249249249249249 0.022 0.05105105105105105
2 0.323 0.40540540540540543 0.026000000000000002 0.05405405405405406
2 0.248 0.41291291291291293 0.032 0.03303303303303303
5 0.51 0.6351351351351351 0.052000000000000005 0.15315315315315314
5 0.793 0.6456456456456456 0.054 0.03003003003003003
5 0.8250000000000001 0.6741741741741741 0.07 0.03303303303303303
5 0.231 0.6786786786786787 0.08600000000000001 0.15015015015015015
5 0.705 0.6171171171171171 0.054 0.03303303303303303
7 0.8160000000000001 0.4264264264264264 0.096 0.4744744744744745
7 0.7030000000000001 0.43243243243243246 0.094 0.39039039039039036
5 0.145 0.6951951951951952 0.066 0.14714714714714713
5 0.326 0.6396396396396397 0.07200000000000001 0.12012012012012012
5 0.273 0.6291291291291291 0.05 0.1111111111111111
5 0.424 0.6606606606606606 0.052000000000000005 0.13213213213213212
