0 0.393 0.58 0.15 0.616
0 0.499 0.5533333333333333 0.098 0.472
0 0.112 0.588 0.124 0.648
0 0.71 0.54 0.1 0.5786666666666667
0 0.852 0.48 0.136 0.432
1 0.6960000000000001 0.27599999999999997 0.07200000000000001 0.056
1 0.116 0.296 0.07200000000000001 0.064
1 0.482 0.33999999999999997 0.06 0.050666666666666665
1 0.869 0.288 0.05 0.042666666666666665
1 0.367 0.304 0.07 0.06933333333333333
5 0.132 0.8893333333333333 0.08 0.04
5 0.859 0.6839999999999999 0.03 0.029333333333333333
5 0.513 0.776 0.042 0.026666666666666665
5 0.725 0.8079999999999999 0.062 0.032
5 0.41400000000000003 0.864 0.068 0.042666666666666665
5 0.6940000000000001 0.78 0.056 0.034666666666666665
5 0.805 0.6679999999999999 0.042 0.029333333333333333
5 0.487 0.764 0.034 0.018666666666666665
5 0.152 0.836 0.028 0.029333333333333333
7 0.112 0.628 0.128 0.5413333333333333
