0 0.2435483870967742 0.7839805825242718 0.4935483870967742 0.41262135922330095
0 0.6451612903225806 0.8470873786407767 0.25806451612903225 0.2961165048543689
0 0.7532258064516129 0.8228155339805825 0.1064516129032258 0.3349514563106796
0 0.8870967741935484 0.8228155339805825 0.21935483870967742 0.34466019417475724
0 0.36129032258064514 0.8349514563106796 0.24516129032258063 0.3203883495145631
0 0.054838709677419356 0.7135922330097086 0.11612903225806452 0.2621359223300971
1 0.6693548387096774 0.7451456310679611 0.0935483870967742 0.10194174757281553
1 0.7225806451612903 0.6796116504854368 0.05161290322580645 0.04854368932038834
1 0.9145161290322581 0.7936893203883495 0.16451612903225807 0.2766990291262136
1 0.13548387096774195 0.6480582524271844 0.14838709677419354 0.12135922330097086
2 0.45 0.8203883495145631 0.08064516129032258 0.07766990291262135
2 0.5532258064516129 0.9296116504854368 0.08064516129032258 0.12135922330097086
