0 0.28598130841121494 0.6766666666666667 0.24672897196261684 0.64
0 0.4130841121495327 0.36500000000000005 0.11962616822429907 0.17
0 0.5392523364485982 0.35833333333333334 0.09158878504672897 0.25
0 0.8130841121495327 0.6733333333333333 0.2542056074766355 0.6466666666666667
0 0.6037383177570094 0.665 0.25794392523364484 0.61
0 0.7205607476635514 0.4316666666666667 0.10654205607476636 0.20333333333333334
0 0.13457943925233645 0.6483333333333334 0.17196261682242991 0.6966666666666667
0 0.33925233644859815 0.3516666666666667 0.07289719626168224 0.1366666666666667
0 0.03644859813084112 0.3566666666666667 0.07289719626168224 0.22666666666666668
0 0.0514018691588785 0.5733333333333334 0.10654205607476636 0.54
0 0.6271028037383178 0.40166666666666667 0.08411214953271029 0.20333333333333334
0 0.9560747663551402 0.45 0.08411214953271029 0.28
0 0.21682242990654207 0.34 0.03364485981308411 0.08
0 0.13738317757009347 0.31333333333333335 0.09532710280373832 0.16666666666666669
