0 0.2958801498127341 0.5316666666666667 0.35580524344569286 0.7300000000000001
0 0.06835205992509363 0.14833333333333334 0.09176029962546817 0.2966666666666667
0 0.6132958801498127 0.37833333333333335 0.34269662921348315 0.6166666666666667
1 0.4232209737827715 0.2833333333333333 0.09737827715355805 0.22666666666666668
1 0.6338951310861424 0.14666666666666667 0.08801498127340825 0.16
2 0.4803370786516854 0.405 0.07677902621722847 0.11
5 0.2949438202247191 0.8583333333333334 0.13670411985018727 0.08333333333333334
5 0.6704119850187266 0.635 0.10112359550561797 0.09000000000000001
5 0.6254681647940075 0.56 0.0599250936329588 0.060000000000000005
5 0.09363295880149813 0.2733333333333334 0.04119850187265918 0.04
7 0.0655430711610487 0.14666666666666667 0.08614232209737828 0.2733333333333334
