0 0.807 0.8059701492537313 0.14200000000000002 0.3761194029850746
0 0.255 0.7134328358208956 0.038 0.15522388059701492
0 0.591 0.6014925373134329 0.078 0.21791044776119403
0 0.47000000000000003 0.5492537313432836 0.056 0.16119402985074627
0 0.63 0.7238805970149254 0.036000000000000004 0.23582089552238805
1 0.793 0.6447761194029851 0.05 0.05373134328358209
1 0.59 0.5104477611940299 0.024 0.03582089552238806
1 0.486 0.48059701492537316 0.02 0.029850746268656716
1 0.251 0.6432835820895523 0.014 0.014925373134328358
1 0.628 0.6179104477611941 0.02 0.023880597014925373
