0 0.219 0.7267605633802817 0.302 0.5239436619718311
0 0.649 0.623943661971831 0.29 0.543661971830986
1 0.56 0.4028169014084507 0.076 0.09014084507042254
1 0.331 0.5056338028169014 0.066 0.07605633802816902
2 0.339 0.6140845070422536 0.05 0.056338028169014086
5 0.109 0.9422535211267606 0.09 0.10422535211267606
7 0.673 0.6619718309859155 0.23800000000000002 0.4563380281690141
7 0.222 0.7267605633802817 0.308 0.5295774647887325
5 0.727 0.8338028169014085 0.122 0.10140845070422536
2 0.552 0.5732394366197183 0.07200000000000001 0.0647887323943662
