0 0.842 0.8083832335329342 0.108 0.37125748502994016
0 0.515 0.8068862275449102 0.134 0.37425149700598803
0 0.6920000000000001 0.22904191616766467 0.176 0.4041916167664671
0 0.7020000000000001 0.7125748502994013 0.116 0.5688622754491018
1 0.851 0.655688622754491 0.05 0.059880239520958084
1 0.531 0.6511976047904192 0.062 0.05089820359281438
1 0.709 0.46706586826347307 0.078 0.07784431137724551
1 0.587 0.15568862275449102 0.054 0.11377245508982037
2 0.857 0.7709580838323353 0.03 0.038922155688622756
2 0.462 0.718562874251497 0.032 0.05389221556886228
2 0.464 0.7964071856287426 0.024 0.029940119760479042
5 0.744 0.37425149700598803 0.044 0.035928143712574856
5 0.679 0.3607784431137725 0.03 0.04491017964071856
