0 0.6625 0.45918367346938777 0.11071428571428571 0.2925170068027211
0 0.86875 0.5238095238095238 0.12678571428571428 0.7074829931972789
0 0.45625 0.6309523809523809 0.19107142857142856 0.5476190476190476
0 0.28035714285714286 0.4880952380952381 0.08214285714285714 0.42517006802721086
0 0.3508928571428571 0.5918367346938775 0.16607142857142856 0.5986394557823129
0 0.9428571428571428 0.42176870748299317 0.06785714285714285 0.5238095238095238
1 0.2669642857142857 0.29931972789115646 0.0375 0.05442176870748299
1 0.8464285714285714 0.21088435374149658 0.05357142857142857 0.07482993197278912
1 0.6258928571428571 0.34183673469387754 0.030357142857142857 0.057823129251700675
1 0.5187499999999999 0.41326530612244894 0.05178571428571428 0.09863945578231292
1 0.4008928571428571 0.3435374149659864 0.055357142857142855 0.10204081632653061
1 0.9321428571428572 0.1921768707482993 0.039285714285714285 0.057823129251700675
2 0.6375 0.4897959183673469 0.017857142857142856 0.05442176870748299
2 0.45357142857142857 0.7040816326530612 0.02857142857142857 0.061224489795918366
