0 0.058 0.5533333333333333 0.116 0.584
0 0.498 0.512 0.132 0.5546666666666666
0 0.17500000000000002 0.504 0.14200000000000002 0.592
0 0.932 0.576 0.132 0.656
0 0.311 0.512 0.114 0.5866666666666667
0 0.799 0.62 0.19 0.6213333333333333
0 0.617 0.45599999999999996 0.126 0.5866666666666667
0 0.233 0.412 0.078 0.536
0 0.433 0.364 0.106 0.4453333333333333
0 0.678 0.432 0.08 0.528
0 0.742 0.5 0.192 0.6639999999999999
0 0.769 0.18 0.078 0.14133333333333334
0 0.371 0.488 0.10200000000000001 0.592
0 0.855 0.504 0.09 0.576
5 0.467 0.768 0.038 0.03733333333333333
5 0.531 0.7613333333333333 0.05 0.04
5 0.9590000000000001 0.876 0.038 0.050666666666666665
5 0.218 0.768 0.044 0.03733333333333333
5 0.632 0.728 0.028 0.03733333333333333
5 0.661 0.6759999999999999 0.026000000000000002 0.034666666666666665
5 0.805 0.9159999999999999 0.074 0.034666666666666665
5 0.753 0.8119999999999999 0.054 0.029333333333333333
5 0.28200000000000003 0.7879999999999999 0.036000000000000004 0.029333333333333333
5 0.596 0.732 0.028 0.04
5 0.385 0.764 0.046 0.029333333333333333
5 0.34 0.776 0.052000000000000005 0.026666666666666665
5 0.048 0.8333333333333333 0.048 0.024
5 0.41200000000000003 0.576 0.044 0.021333333333333333
5 0.07200000000000001 0.8119999999999999 0.036000000000000004 0.029333333333333333
5 0.132 0.78 0.048 0.034666666666666665
