0 0.13592233009708737 0.6166666666666667 0.15145631067961166 0.56
0 0.7368932038834951 0.6366666666666667 0.18446601941747573 0.7133333333333334
0 0.27184466019417475 0.65 0.1320388349514563 0.66
0 0.05533980582524271 0.53 0.06407766990291262 0.30000000000000004
0 0.4087378640776699 0.6133333333333334 0.12233009708737863 0.6533333333333333
0 0.5854368932038835 0.6683333333333333 0.14174757281553396 0.6566666666666667
0 0.6757281553398058 0.5866666666666667 0.11650485436893203 0.78
0 0.520388349514563 0.5733333333333334 0.08932038834951456 0.5666666666666667
0 0.34271844660194173 0.5933333333333334 0.06407766990291262 0.5133333333333334
0 0.4766990291262136 0.5566666666666668 0.06407766990291262 0.5
1 0.12427184466019417 0.36333333333333334 0.04660194174757282 0.04666666666666667
1 0.3932038834951456 0.315 0.04854368932038835 0.05
1 0.7543689320388349 0.3216666666666667 0.07572815533980583 0.08333333333333334
1 0.5271844660194175 0.31333333333333335 0.040776699029126215 0.04666666666666667
1 0.5786407766990291 0.37000000000000005 0.058252427184466014 0.060000000000000005
1 0.33883495145631065 0.36000000000000004 0.040776699029126215 0.05333333333333334
1 0.4786407766990291 0.32666666666666666 0.036893203883495145 0.04
1 0.05728155339805825 0.395 0.02524271844660194 0.030000000000000002
1 0.6737864077669903 0.25833333333333336 0.07378640776699029 0.12333333333333334
1 0.26990291262135924 0.35000000000000003 0.05436893203883495 0.060000000000000005
2 0.458252427184466 0.6383333333333334 0.027184466019417475 0.06333333333333334
2 0.17766990291262136 0.63 0.017475728155339806 0.04
2 0.3611650485436893 0.6566666666666667 0.02330097087378641 0.060000000000000005
2 0.5310679611650485 0.7116666666666667 0.02524271844660194 0.06333333333333334
2 0.25728155339805825 0.43000000000000005 0.02524271844660194 0.05333333333333334
2 0.6427184466019418 0.7116666666666667 0.019417475728155338 0.06333333333333334
5 0.1262135922330097 0.88 0.02330097087378641 0.04
5 0.18543689320388348 0.8550000000000001 0.04466019417475728 0.030000000000000002
5 0.44854368932038835 0.8966666666666667 0.031067961165048542 0.06666666666666667
5 0.31165048543689317 0.9583333333333334 0.033009708737864074 0.05
5 0.512621359223301 0.8333333333333334 0.03495145631067961 0.04
5 0.5689320388349515 0.9566666666666668 0.058252427184466014 0.04666666666666667
5 0.554368932038835 0.8350000000000001 0.017475728155339806 0.030000000000000002
5 0.6815533980582524 0.9583333333333334 0.04271844660194175 0.03666666666666667
5 0.2728155339805825 0.9466666666666668 0.02524271844660194 0.04
5 0.3262135922330097 0.8266666666666668 0.02330097087378641 0.03333333333333333
5 0.37766990291262137 0.9083333333333334 0.040776699029126215 0.05666666666666667
5 0.625242718446602 0.9833333333333334 0.031067961165048542 0.02666666666666667
5 0.05436893203883495 0.6666666666666667 0.02330097087378641 0.02
5 0.46310679611650485 0.7916666666666667 0.017475728155339806 0.030000000000000002
5 0.4970873786407767 0.795 0.019417475728155338 0.030000000000000002
6 0.12427184466019417 0.52 0.08155339805825243 0.16
6 0.05242718446601941 0.48333333333333334 0.038834951456310676 0.09333333333333334
6 0.26310679611650484 0.5516666666666667 0.08349514563106795 0.17
6 0.39805825242718446 0.5016666666666667 0.08932038834951456 0.17
6 0.3378640776699029 0.5083333333333334 0.05436893203883495 0.15000000000000002
6 0.525242718446602 0.4683333333333334 0.05631067961165048 0.12333333333333334
6 0.5815533980582525 0.5766666666666667 0.08737864077669903 0.2
6 0.7388349514563106 0.5750000000000001 0.12233009708737863 0.29000000000000004
6 0.6786407766990291 0.42500000000000004 0.07572815533980583 0.19
