0 0.491 0.4144144144144144 0.15 0.39039039039039036
0 0.636 0.32432432432432434 0.16 0.3963963963963964
1 0.504 0.24324324324324323 0.056 0.05405405405405406
1 0.613 0.14864864864864866 0.046 0.03903903903903904
2 0.613 0.14864864864864866 0.046 0.03903903903903904
5 0.44 0.5900900900900901 0.044 0.03903903903903904
5 0.6910000000000001 0.4744744744744745 0.05 0.0960960960960961
5 0.516 0.5480480480480481 0.044 0.06906906906906907
7 0.496 0.43243243243243246 0.14 0.3003003003003003
7 0.646 0.3213213213213213 0.128 0.3363363363363363
