0 0.121 0.5623145400593472 0.242 0.8635014836795253
0 0.245 0.4836795252225519 0.11800000000000001 0.36795252225519287
0 0.47800000000000004 0.6038575667655787 0.196 0.7804154302670624
0 0.765 0.6038575667655787 0.186 0.7744807121661721
0 0.665 0.526706231454006 0.11 0.6023738872403561
0 0.58 0.4851632047477745 0.1 0.4599406528189911
0 0.382 0.5074183976261127 0.076 0.49258160237388726
0 0.898 0.6083086053412463 0.2 0.771513353115727
0 0.161 0.4910979228486647 0.066 0.34718100890207715
1 0.099 0.20029673590504452 0.166 0.1394658753709199
1 0.464 0.25816023738872407 0.076 0.08308605341246292
1 0.662 0.2507418397626113 0.052000000000000005 0.050445103857566766
1 0.387 0.28486646884273 0.042 0.04747774480712166
1 0.889 0.26706231454005935 0.10200000000000001 0.08308605341246292
1 0.782 0.2522255192878338 0.076 0.0712166172106825
1 0.586 0.28041543026706234 0.036000000000000004 0.050445103857566766
1 0.611 0.29821958456973297 0.022 0.032640949554896145
1 0.152 0.33827893175074186 0.04 0.04154302670623146
5 0.633 0.8041543026706232 0.026000000000000002 0.04154302670623146
5 0.28800000000000003 0.6528189910979229 0.032 0.02373887240356083
5 0.379 0.7344213649851632 0.026000000000000002 0.03857566765578635
5 0.708 0.9510385756676558 0.07200000000000001 0.06824925816023739
5 0.179 0.655786350148368 0.034 0.02373887240356083
5 0.356 0.6454005934718101 0.028 0.032640949554896145
5 0.231 0.6602373887240356 0.022 0.02077151335311573
5 0.232 0.6513353115727003 0.028 0.032640949554896145
