0 0.9385416666666666 0.30625 0.11458333333333333 0.47187500000000004
0 0.4927083333333333 0.37812500000000004 0.16041666666666665 0.39375000000000004
0 0.026041666666666668 0.26328125 0.05625 0.38593750000000004
0 0.2 0.33828125000000003 0.4 0.6765625000000001
0 0.7979166666666666 0.31015625 0.2916666666666667 0.5109375
0 0.26979166666666665 0.21328125 0.10208333333333333 0.26406250000000003
0 0.03854166666666667 0.26328125 0.08125 0.38593750000000004
1 0.21145833333333333 0.03515625 0.16041666666666665 0.0703125
1 0.76875 0.09765625 0.1 0.0859375
1 0.9322916666666666 0.10703125000000001 0.10208333333333333 0.0703125
1 0.025 0.09453125000000001 0.05 0.045312500000000006
1 0.5125 0.20078125000000002 0.0625 0.035937500000000004
5 0.7572916666666667 0.5453125 0.09375 0.037500000000000006
5 0.2604166666666667 0.65625 0.1375 0.040625
5 0.10625 0.6351562500000001 0.0875 0.0546875
5 0.865625 0.5359375000000001 0.08125 0.037500000000000006
5 0.027083333333333334 0.4453125 0.05416666666666667 0.018750000000000003
5 0.9302083333333333 0.5164062500000001 0.06875 0.0328125
