0 0.40800000000000003 0.5615615615615616 0.124 0.4744744744744745
0 0.9420000000000001 0.6876876876876877 0.112 0.6186186186186187
0 0.554 0.6036036036036035 0.252 0.7207207207207207
1 0.484 0.29429429429429427 0.07200000000000001 0.1021021021021021
1 0.375 0.36036036036036034 0.054 0.07807807807807808
1 0.9400000000000001 0.4069069069069069 0.064 0.057057057057057055
2 0.903 0.7177177177177178 0.022 0.13813813813813813
2 0.435 0.5555555555555556 0.038 0.07807807807807808
2 0.36 0.5795795795795796 0.024 0.07207207207207207
5 0.41200000000000003 0.7552552552552553 0.032 0.08708708708708708
5 0.62 0.8738738738738738 0.10400000000000001 0.16216216216216217
5 0.926 0.9039039039039038 0.068 0.18618618618618618
