0 0.7020000000000001 0.588 0.14 0.6
0 0.319 0.6653333333333333 0.234 0.6639999999999999
0 0.417 0.5599999999999999 0.098 0.4746666666666666
0 0.495 0.62 0.202 0.6426666666666666
0 0.588 0.5599999999999999 0.10400000000000001 0.49066666666666664
1 0.6980000000000001 0.32 0.068 0.058666666666666666
1 0.265 0.376 0.10200000000000001 0.09066666666666666
1 0.578 0.33999999999999997 0.052000000000000005 0.04533333333333333
1 0.508 0.328 0.07200000000000001 0.064
1 0.418 0.344 0.048 0.042666666666666665
5 0.484 0.9239999999999999 0.028 0.04
5 0.661 0.844 0.054 0.034666666666666665
5 0.546 0.9119999999999999 0.032 0.042666666666666665
5 0.405 0.7813333333333333 0.022 0.032
5 0.968 0.88 0.06 0.026666666666666665
5 0.616 0.7919999999999999 0.028 0.021333333333333333
5 0.741 0.86 0.03 0.056
