0 0.362 0.42125 0.23600000000000002 0.5575
0 0.624 0.6025 0.24 0.595
0 0.179 0.44375000000000003 0.178 0.5475
1 0.164 0.19875 0.056 0.0525
1 0.299 0.18 0.058 0.065
1 0.641 0.3975 0.062 0.075
2 0.522 0.3275 0.04 0.045
2 0.258 0.31875000000000003 0.04 0.0475
2 0.336 0.26 0.044 0.045
2 0.151 0.305 0.062 0.065
5 0.544 0.87625 0.07200000000000001 0.0375
5 0.726 0.87375 0.036000000000000004 0.0325
5 0.456 0.68125 0.048 0.0325
5 0.23500000000000001 0.6925 0.054 0.03
5 0.17200000000000001 0.68875 0.044 0.0425
