0 0.6970000000000001 0.625 0.274 0.7439024390243902
0 0.502 0.5335365853658537 0.14 0.5670731707317074
0 0.324 0.6356707317073171 0.132 0.7164634146341463
0 0.387 0.5884146341463414 0.082 0.6341463414634146
0 0.163 0.5731707317073171 0.242 0.8414634146341464
0 0.24 0.5503048780487805 0.108 0.49085365853658536
1 0.16 0.24542682926829268 0.156 0.17378048780487806
1 0.669 0.29573170731707316 0.08600000000000001 0.08536585365853659
1 0.489 0.2804878048780488 0.046 0.06097560975609756
1 0.267 0.3307926829268293 0.046 0.057926829268292686
1 0.337 0.3155487804878049 0.07 0.07621951219512195
1 0.378 0.30335365853658536 0.052000000000000005 0.06402439024390244
5 0.538 0.7957317073170732 0.032 0.03048780487804878
5 0.47000000000000003 0.7972560975609756 0.032 0.039634146341463415
5 0.269 0.7728658536585367 0.046 0.04573170731707317
5 0.399 0.8734756097560976 0.034 0.057926829268292686
