0 0.82875 0.5374531835205992 0.3275 0.9176029962546817
0 0.21875 0.5561797752808989 0.3175 0.8726591760299626
0 0.55 0.5842696629213483 0.335 0.8239700374531835
0 0.10625 0.5917602996254682 0.1525 0.8014981273408239
0 0.41125 0.6142322097378278 0.1575 0.7640449438202247
1 0.82625 0.15730337078651685 0.1475 0.149812734082397
1 0.58375 0.24157303370786518 0.11750000000000001 0.1310861423220974
1 0.435 0.28464419475655434 0.09 0.10486891385767791
1 0.125 0.24157303370786518 0.095 0.10861423220973783
1 0.26625 0.20037453183520598 0.1325 0.16104868913857678
