0 0.587 0.6213333333333333 0.146 0.528
0 0.449 0.628 0.11 0.5146666666666666
0 0.319 0.504 0.058 0.19733333333333333
0 0.376 0.5013333333333333 0.04 0.176
0 0.803 0.5493333333333333 0.08600000000000001 0.304
0 0.166 0.436 0.056 0.19999999999999998
0 0.506 0.5599999999999999 0.06 0.3413333333333333
1 0.5730000000000001 0.3853333333333333 0.054 0.056
1 0.454 0.39599999999999996 0.052000000000000005 0.050666666666666665
1 0.33 0.42 0.02 0.029333333333333333
1 0.379 0.424 0.018000000000000002 0.026666666666666665
1 0.503 0.40399999999999997 0.034 0.034666666666666665
1 0.806 0.4093333333333333 0.028 0.024
1 0.168 0.348 0.02 0.018666666666666665
5 0.6 0.828 0.024 0.029333333333333333
5 0.546 0.868 0.04 0.034666666666666665
5 0.492 0.824 0.02 0.026666666666666665
5 0.425 0.8693333333333333 0.03 0.032
5 0.518 0.7 0.016 0.024
5 0.809 0.688 0.018000000000000002 0.021333333333333333
5 0.782 0.656 0.012 0.026666666666666665
