0 0.097 0.5615615615615616 0.11800000000000001 0.6006006006006006
0 0.503 0.6666666666666666 0.198 0.4444444444444444
0 0.316 0.6126126126126126 0.164 0.4984984984984985
0 0.427 0.5105105105105106 0.078 0.5045045045045045
0 0.47900000000000004 0.5435435435435435 0.09 0.4804804804804805
0 0.378 0.5405405405405406 0.088 0.5285285285285285
0 0.32 0.5165165165165165 0.08 0.5045045045045045
0 0.47900000000000004 0.4174174174174174 0.09 0.22822822822822822
1 0.5690000000000001 0.4744744744744745 0.062 0.06606606606606606
1 0.497 0.3303303303303303 0.05 0.05405405405405406
1 0.441 0.2852852852852853 0.046 0.05405405405405406
1 0.334 0.2912912912912913 0.052000000000000005 0.05405405405405406
1 0.092 0.2822822822822823 0.056 0.04804804804804805
1 0.393 0.3033033033033033 0.05 0.06006006006006006
1 0.363 0.4009009009009009 0.054 0.06906906906906907
5 0.318 0.8393393393393394 0.06 0.03903903903903904
5 0.122 0.8393393393393394 0.064 0.03903903903903904
5 0.507 0.8633633633633634 0.07 0.03903903903903904
5 0.369 0.8003003003003003 0.05 0.02702702702702703
5 0.439 0.8498498498498498 0.062 0.036036036036036036
5 0.404 0.7897897897897898 0.04 0.024024024024024024
5 0.078 0.8408408408408409 0.024 0.03003003003003003
5 0.427 0.7477477477477478 0.038 0.024024024024024024
7 0.319 0.6096096096096096 0.17400000000000002 0.4924924924924925
