0 0.6 0.6073446327683616 0.176 0.7740112994350282
0 0.385 0.6045197740112994 0.242 0.7853107344632768
0 0.506 0.4703389830508475 0.128 0.53954802259887
1 0.503 0.22598870056497175 0.05 0.05084745762711865
1 0.611 0.2627118644067797 0.074 0.0790960451977401
1 0.38 0.2655367231638418 0.088 0.1016949152542373
5 0.585 0.9392655367231638 0.034 0.0480225988700565
5 0.43 0.943502824858757 0.032 0.06779661016949153
5 0.539 0.7203389830508474 0.03 0.03954802259887005
5 0.493 0.693502824858757 0.022 0.03672316384180791
