0 0.092 0.6092814371257486 0.184 0.7694610778443114
0 0.855 0.6092814371257486 0.28600000000000003 0.7035928143712575
0 0.708 0.594311377245509 0.152 0.7574850299401198
0 0.229 0.5718562874251497 0.198 0.8443113772455091
0 0.47700000000000004 0.6152694610778443 0.20600000000000002 0.7574850299401198
0 0.342 0.6152694610778443 0.132 0.7574850299401198
0 0.5680000000000001 0.6002994011976048 0.116 0.721556886227545
0 0.629 0.5494011976047904 0.106 0.5898203592814372
5 0.41100000000000003 0.8517964071856288 0.03 0.038922155688622756
5 0.6 0.9386227544910181 0.04 0.05089820359281438
5 0.342 0.8907185628742516 0.028 0.04491017964071856
