0 0.508 0.5525525525525525 0.248 0.8828828828828829
0 0.404 0.43543543543543545 0.168 0.8588588588588588
0 0.8180000000000001 0.42042042042042044 0.124 0.5465465465465466
0 0.928 0.3933933933933934 0.088 0.24024024024024024
1 0.449 0.07057057057057058 0.078 0.12312312312312312
1 0.545 0.16516516516516516 0.082 0.10810810810810811
5 0.598 0.9294294294294294 0.052000000000000005 0.07507507507507508
5 0.40700000000000003 0.8243243243243243 0.078 0.07507507507507508
5 0.771 0.6741741741741741 0.026000000000000002 0.03903903903903904
5 0.841 0.6606606606606606 0.042 0.036036036036036036
5 0.52 0.954954954954955 0.056 0.07807807807807808
5 0.433 0.7492492492492493 0.074 0.05105105105105105
