0 0.645 0.6426426426426426 0.278 0.7087087087087087
0 0.377 0.5645645645645646 0.294 0.8108108108108109
1 0.392 0.3033033033033033 0.076 0.10810810810810811
1 0.67 0.3333333333333333 0.1 0.09009009009009009
2 0.738 0.9084084084084084 0.064 0.0990990990990991
2 0.535 0.6231231231231231 0.054 0.06306306306306306
2 0.491 0.6396396396396397 0.066 0.06606606606606606
2 0.25 0.1996996996996997 0.032 0.06906906906906907
7 0.372 0.5765765765765766 0.276 0.5945945945945946
7 0.672 0.7117117117117117 0.228 0.5585585585585585
