0 0.581 0.616519174041298 0.10200000000000001 0.35398230088495575
0 0.502 0.5029498525073747 0.192 0.23303834808259588
0 0.613 0.8820058997050148 0.082 0.23008849557522124
1 0.56 0.5014749262536873 0.032 0.05309734513274336
1 0.5650000000000001 0.4056047197640118 0.034 0.038348082595870206
2 0.589 0.46607669616519176 0.022 0.0471976401179941
5 0.588 0.9542772861356932 0.028 0.032448377581120944
5 0.465 0.6061946902654867 0.03 0.02654867256637168
5 0.42 0.4823008849557522 0.024 0.02654867256637168
6 0.513 0.46017699115044247 0.078 0.10619469026548672
6 0.5650000000000001 0.5752212389380531 0.062 0.14749262536873156
6 0.616 0.8628318584070797 0.068 0.12094395280235988
