0 0.165 0.6392215568862276 0.14200000000000002 0.7095808383233534
0 0.037 0.6347305389221557 0.074 0.718562874251497
0 0.8270000000000001 0.6541916167664671 0.166 0.6796407185628743
0 0.96 0.5763473053892216 0.076 0.3922155688622755
0 0.395 0.597305389221557 0.138 0.6077844311377246
0 0.602 0.6377245508982037 0.18 0.7125748502994013
0 0.712 0.6227544910179641 0.116 0.5808383233532934
0 0.49 0.595808383233533 0.092 0.4970059880239521
1 0.406 0.32335329341317365 0.056 0.059880239520958084
1 0.198 0.32485029940119764 0.068 0.08682634730538923
1 0.838 0.35029940119760483 0.076 0.07784431137724551
1 0.034 0.3203592814371258 0.07200000000000001 0.08982035928143713
1 0.588 0.31736526946107785 0.07200000000000001 0.07784431137724551
1 0.737 0.36377245508982037 0.054 0.0688622754491018
1 0.967 0.40119760479041916 0.042 0.035928143712574856
5 0.202 0.9341317365269461 0.064 0.029940119760479042
5 0.361 0.8817365269461078 0.026000000000000002 0.038922155688622756
5 0.146 0.9730538922155689 0.032 0.035928143712574856
5 0.418 0.8622754491017964 0.052000000000000005 0.04191616766467066
5 0.506 0.81437125748503 0.04 0.04191616766467066
5 0.455 0.8248502994011977 0.022 0.038922155688622756
5 0.9590000000000001 0.7485029940119761 0.018000000000000002 0.029940119760479042
5 0.68 0.87874251497006 0.028 0.03293413173652695
5 0.987 0.7544910179640719 0.022 0.035928143712574856
7 0.163 0.6766467065868264 0.14200000000000002 0.5808383233532934
7 0.8270000000000001 0.6751497005988024 0.162 0.5059880239520959
7 0.583 0.688622754491018 0.146 0.6047904191616766
7 0.395 0.6362275449101796 0.138 0.4940119760479042
1 0.512 0.375748502994012 0.048 0.05089820359281438
