0 0.707 0.546969696969697 0.534 0.8939393939393939
0 0.392 0.6439393939393939 0.112 0.4696969696969697
0 0.902 0.42727272727272725 0.192 0.8303030303030303
0 0.254 0.6727272727272727 0.164 0.48484848484848486
1 0.211 0.4954545454545455 0.07 0.1303030303030303
1 0.503 0.21515151515151515 0.122 0.23030303030303031
1 0.857 0.07272727272727272 0.106 0.11515151515151516
1 0.511 0.6363636363636364 0.094 0.13333333333333333
1 0.857 0.10303030303030303 0.106 0.1696969696969697
2 0.704 0.7651515151515151 0.136 0.20909090909090908
2 0.296 0.646969696969697 0.048 0.08181818181818182
2 0.519 0.8454545454545455 0.11800000000000001 0.10909090909090909
7 0.756 0.5651515151515152 0.436 0.8575757575757575
6 0.401 0.5742424242424242 0.078 0.16666666666666666
6 0.777 0.42272727272727273 0.306 0.5484848484848485
6 0.889 0.2772727272727273 0.138 0.20909090909090908
6 0.253 0.5651515151515152 0.106 0.16666666666666666
6 0.534 0.7681818181818182 0.112 0.1787878787878788
