0 0.633 0.5753012048192772 0.278 0.710843373493976
0 0.266 0.4728915662650603 0.26 0.6144578313253012
0 0.359 0.33283132530120485 0.11 0.4487951807228916
0 0.465 0.33433734939759036 0.074 0.3313253012048193
1 0.5630000000000001 0.29668674698795183 0.114 0.14156626506024098
1 0.266 0.23493975903614459 0.10400000000000001 0.13855421686746988
1 0.453 0.19126506024096387 0.026000000000000002 0.045180722891566265
1 0.34800000000000003 0.12650602409638556 0.036000000000000004 0.03614457831325302
2 0.27 0.5 0.052000000000000005 0.07228915662650603
2 0.318 0.5150602409638555 0.06 0.0783132530120482
2 0.522 0.5948795180722892 0.052000000000000005 0.06927710843373494
5 0.217 0.730421686746988 0.05 0.07530120481927711
5 0.35000000000000003 0.733433734939759 0.068 0.08734939759036145
5 0.641 0.8674698795180723 0.10200000000000001 0.13253012048192772
7 0.635 0.6159638554216867 0.274 0.5210843373493976
7 0.265 0.4924698795180723 0.262 0.4427710843373494
