0 0.384 0.6576576576576576 0.232 0.6786786786786787
0 0.168 0.6576576576576576 0.248 0.6786786786786787
0 0.623 0.6366366366366366 0.27 0.7207207207207207
0 0.744 0.6516516516516516 0.448 0.6906906906906907
1 0.218 0.3858858858858859 0.14 0.13513513513513514
1 0.809 0.3663663663663664 0.14200000000000002 0.12012012012012012
1 0.613 0.34984984984984985 0.106 0.14714714714714713
1 0.404 0.3813813813813814 0.1 0.12612612612612611
6 0.168 0.7327327327327328 0.248 0.5285285285285285
6 0.789 0.7237237237237237 0.358 0.5405405405405406
6 0.622 0.7087087087087087 0.268 0.5405405405405406
6 0.392 0.7267267267267267 0.232 0.5045045045045045
