0 0.125 0.4907120743034056 0.18852459016393444 0.411764705882353
0 0.3698770491803279 0.4674922600619195 0.14549180327868852 0.29721362229102166
0 0.5307377049180328 0.4272445820433437 0.11475409836065574 0.2105263157894737
0 0.6454918032786886 0.4674922600619195 0.20491803278688525 0.4272445820433437
1 0.6741803278688525 0.3080495356037152 0.06967213114754099 0.1021671826625387
1 0.40368852459016397 0.34984520123839014 0.04098360655737705 0.061919504643962855
1 0.10655737704918034 0.3390092879256966 0.06967213114754099 0.10835913312693499
1 0.4948770491803279 0.35448916408668735 0.0389344262295082 0.06501547987616099
2 0.7151639344262295 0.6393188854489165 0.03278688524590164 0.06501547987616099
2 0.6352459016393442 0.6145510835913313 0.036885245901639344 0.06501547987616099
2 0.07274590163934426 0.5789473684210527 0.0389344262295082 0.06811145510835914
2 0.48463114754098363 0.4969040247678019 0.022540983606557378 0.04643962848297214
2 0.13217213114754098 0.6749226006191951 0.034836065573770496 0.043343653250773995
2 0.4211065573770492 0.5015479876160991 0.022540983606557378 0.043343653250773995
2 0.5061475409836066 0.4907120743034056 0.020491803278688527 0.04643962848297214
2 0.4334016393442623 0.4690402476780186 0.022540983606557378 0.04024767801857585
5 0.7233606557377049 0.6780185758513932 0.03278688524590164 0.043343653250773995
7 0.6454918032786886 0.48761609907120745 0.20491803278688525 0.30650154798761614
7 0.12602459016393444 0.5232198142414861 0.1905737704918033 0.2910216718266254
7 0.35758196721311475 0.44582043343653255 0.11270491803278689 0.1671826625386997
6 0.5420081967213115 0.4241486068111455 0.07991803278688525 0.15479876160990713
