0 0.871 0.6358024691358024 0.20600000000000002 0.7222222222222222
0 0.20600000000000002 0.6851851851851851 0.112 0.6234567901234568
0 0.7020000000000001 0.6728395061728395 0.14400000000000002 0.6419753086419753
0 0.033 0.611111111111111 0.07 0.30246913580246915
0 0.445 0.5848765432098765 0.402 0.8179012345679012
0 0.279 0.5833333333333333 0.054 0.2901234567901234
0 0.13 0.611111111111111 0.052000000000000005 0.30246913580246915
0 0.385 0.7098765432098765 0.11800000000000001 0.5740740740740741
1 0.543 0.23765432098765432 0.114 0.11728395061728394
1 0.733 0.39969135802469136 0.07 0.09567901234567901
1 0.198 0.4074074074074074 0.064 0.07407407407407407
1 0.03 0.4737654320987654 0.028 0.033950617283950615
1 0.127 0.4737654320987654 0.03 0.033950617283950615
1 0.276 0.4583333333333333 0.028 0.033950617283950615
1 0.859 0.3333333333333333 0.094 0.11728395061728394
5 0.032 0.7515432098765432 0.028 0.021604938271604937
5 0.394 0.9583333333333333 0.052000000000000005 0.05246913580246913
5 0.28400000000000003 0.7145061728395061 0.044 0.021604938271604937
5 0.135 0.7453703703703703 0.026000000000000002 0.033950617283950615
