0 0.242 0.58 0.096 0.36533333333333334
0 0.3 0.576 0.07200000000000001 0.2773333333333333
0 0.497 0.608 0.098 0.35733333333333334
0 0.631 0.6253333333333333 0.08600000000000001 0.45599999999999996
1 0.258 0.412 0.032 0.029333333333333333
1 0.305 0.45199999999999996 0.026000000000000002 0.029333333333333333
1 0.493 0.448 0.038 0.032
1 0.646 0.42 0.048 0.050666666666666665
5 0.216 0.748 0.024 0.024
5 0.25 0.7453333333333333 0.016 0.024
5 0.585 0.7613333333333333 0.018000000000000002 0.024
5 0.279 0.7 0.03 0.018666666666666665
5 0.306 0.704 0.012 0.021333333333333333
5 0.501 0.768 0.026000000000000002 0.026666666666666665
5 0.461 0.772 0.018000000000000002 0.029333333333333333
5 0.679 0.776 0.018000000000000002 0.026666666666666665
5 0.728 0.744 0.028 0.016
5 0.612 0.8119999999999999 0.044 0.018666666666666665
5 0.641 0.836 0.038 0.034666666666666665
5 0.546 0.748 0.02 0.029333333333333333
5 0.545 0.752 0.018000000000000002 0.021333333333333333
