0 0.408207343412527 0.5244252873563219 0.20734341252699784 0.7155172413793104
0 0.6414686825053996 0.5186781609195402 0.12958963282937366 0.7442528735632183
1 0.6198704103671706 0.18247126436781608 0.0734341252699784 0.06609195402298851
1 0.4028077753779698 0.1968390804597701 0.07127429805615551 0.06034482758620689
2 0.48488120950323976 0.3448275862068966 0.05399568034557236 0.06321839080459771
5 0.3390928725701944 0.8505747126436781 0.05615550755939525 0.05747126436781609
5 0.6382289416846653 0.8505747126436781 0.0755939524838013 0.07471264367816091
5 0.4287257019438445 0.7916666666666666 0.06695464362850972 0.048850574712643674
5 0.603671706263499 0.7945402298850575 0.04967602591792657 0.048850574712643674
6 0.3876889848812095 0.3879310344827586 0.1144708423326134 0.24137931034482757
6 0.6285097192224622 0.39511494252873564 0.10367170626349892 0.2442528735632184
