0 0.7459514170040485 0.5933734939759037 0.3097165991902834 0.8072289156626506
0 0.3876518218623482 0.5918674698795181 0.20040485829959515 0.8102409638554218
0 0.4807692307692308 0.536144578313253 0.12753036437246965 0.5843373493975904
0 0.21761133603238866 0.42168674698795183 0.04251012145748988 0.21084337349397592
0 0.10121457489878542 0.6129518072289157 0.145748987854251 0.7680722891566265
0 0.12651821862348178 0.572289156626506 0.19230769230769232 0.674698795180723
5 0.07894736842105263 0.9789156626506025 0.05668016194331984 0.03614457831325302
5 0.5232793522267206 0.8057228915662651 0.04251012145748988 0.02710843373493976
5 0.1346153846153846 0.9457831325301206 0.08299595141700405 0.03614457831325302
5 0.19230769230769232 0.8674698795180723 0.05668016194331984 0.04819277108433735
5 0.47469635627530365 0.8810240963855422 0.022267206477732795 0.02710843373493976
