0 0.268 0.5615615615615616 0.224 0.7867867867867868
0 0.883 0.5285285285285285 0.202 0.9369369369369369
0 0.447 0.4954954954954955 0.10200000000000001 0.6366366366366366
0 0.733 0.5495495495495496 0.23800000000000002 0.8948948948948949
0 0.559 0.5435435435435435 0.166 0.9069069069069069
1 0.524 0.13963963963963963 0.088 0.09309309309309309
1 0.842 0.12462462462462462 0.108 0.12312312312312312
1 0.453 0.2072072072072072 0.054 0.06006006006006006
1 0.6900000000000001 0.1966966966966967 0.14400000000000002 0.1891891891891892
5 0.273 0.9279279279279279 0.038 0.05405405405405406
5 0.341 0.8843843843843844 0.046 0.05105105105105105
5 0.451 0.7852852852852853 0.042 0.04504504504504504
5 0.432 0.7312312312312312 0.036000000000000004 0.03903903903903904
