0 0.41500000000000004 0.6716867469879518 0.134 0.6265060240963856
0 0.111 0.6957831325301205 0.122 0.5783132530120483
0 0.91 0.5677710843373495 0.1 0.4728915662650603
0 0.531 0.6686746987951807 0.14200000000000002 0.6506024096385542
0 0.966 0.6114457831325302 0.064 0.4879518072289157
0 0.652 0.7063253012048193 0.136 0.5753012048192772
0 0.259 0.6792168674698795 0.14200000000000002 0.5993975903614458
0 0.329 0.5783132530120483 0.062 0.355421686746988
0 0.453 0.5768072289156627 0.058 0.37650602409638556
1 0.981 0.3870481927710844 0.034 0.045180722891566265
1 0.915 0.36596385542168675 0.038 0.045180722891566265
5 0.14 0.9367469879518073 0.028 0.04819277108433735
5 0.56 0.9397590361445783 0.024 0.05421686746987952
5 0.98 0.8343373493975904 0.024 0.03614457831325302
5 0.088 0.9713855421686748 0.024 0.03313253012048193
5 0.264 0.9578313253012049 0.024 0.03614457831325302
5 0.451 0.9668674698795181 0.046 0.024096385542168676
5 0.52 0.9759036144578314 0.024 0.03614457831325302
5 0.635 0.9909638554216867 0.026000000000000002 0.012048192771084338
5 0.732 0.8463855421686748 0.02 0.024096385542168676
5 0.909 0.7936746987951807 0.022 0.021084337349397592
5 0.23700000000000002 0.9322289156626506 0.022 0.0391566265060241
5 0.392 0.9698795180722892 0.028 0.030120481927710843
5 0.315 0.746987951807229 0.022 0.01807228915662651
5 0.203 0.8599397590361446 0.026000000000000002 0.05120481927710844
5 0.666 0.9879518072289157 0.024 0.01807228915662651
5 0.931 0.7786144578313253 0.014 0.021084337349397592
5 0.586 0.8524096385542169 0.016 0.024096385542168676
