0 0.3825 0.759469696969697 0.37 0.46590909090909094
0 0.70875 0.7803030303030303 0.3575 0.4318181818181818
0 0.845 0.4981060606060606 0.305 0.9962121212121212
1 0.92875 0.2272727272727273 0.1375 0.20454545454545456
1 0.28750000000000003 0.7443181818181819 0.18 0.23106060606060608
1 0.78125 0.8200757575757576 0.1575 0.2537878787878788
2 0.52125 0.6003787878787878 0.0925 0.13257575757575757
2 0.7225 0.022727272727272728 0.05 0.045454545454545456
2 0.615 0.7178030303030303 0.1 0.1856060606060606
2 0.7125 0.625 0.08 0.18181818181818182
7 0.87 0.5416666666666666 0.225 0.8106060606060607
