0 0.764 0.5045045045045045 0.292 0.984984984984985
0 0.17200000000000001 0.5795795795795796 0.28800000000000003 0.6366366366366366
0 0.488 0.3153153153153153 0.23600000000000002 0.5225225225225225
1 0.761 0.07207207207207207 0.114 0.12012012012012012
1 0.51 0.13063063063063063 0.084 0.14114114114114115
1 0.155 0.3183183183183183 0.106 0.10810810810810811
2 0.651 0.5615615615615616 0.066 0.10810810810810811
2 0.777 0.5825825825825826 0.054 0.11411411411411411
2 0.23900000000000002 0.6186186186186187 0.074 0.07207207207207207
6 0.78 0.36936936936936937 0.248 0.45045045045045046
6 0.488 0.36036036036036034 0.23600000000000002 0.37237237237237236
6 0.138 0.5765765765765766 0.20800000000000002 0.3483483483483483
