0 0.043151969981238276 0.545 0.0900562851782364 0.51
0 0.18574108818011256 0.4866666666666667 0.13133208255159476 0.6000000000000001
0 0.5412757973733584 0.41500000000000004 0.07692307692307693 0.25
0 0.3893058161350844 0.4566666666666667 0.12195121951219512 0.4
0 0.7589118198874296 0.6166666666666667 0.17448405253283303 0.7533333333333334
0 0.4652908067542214 0.3716666666666667 0.08630393996247655 0.20333333333333334
0 0.3339587242026266 0.4866666666666667 0.1951219512195122 0.45333333333333337
1 0.2045028142589118 0.24333333333333335 0.08630393996247655 0.10666666666666667
1 0.725140712945591 0.29333333333333333 0.07692307692307693 0.09333333333333334
1 0.020637898686679174 0.32333333333333336 0.0450281425891182 0.060000000000000005
1 0.5422138836772983 0.3166666666666667 0.04127579737335835 0.060000000000000005
1 0.30206378986866794 0.30833333333333335 0.075046904315197 0.09000000000000001
1 0.47560975609756095 0.30000000000000004 0.043151969981238276 0.060000000000000005
1 0.4071294559099437 0.29333333333333333 0.0675422138836773 0.07333333333333333
5 0.06191369606003752 0.7766666666666667 0.04127579737335835 0.03333333333333333
7 0.7589118198874296 0.6900000000000001 0.17448405253283303 0.6000000000000001
7 0.18386491557223264 0.5566666666666668 0.13133208255159476 0.45333333333333337
6 0.2973733583489681 0.5466666666666667 0.11819887429643527 0.32666666666666666
