0 0.457 0.4114114114114114 0.21 0.5765765765765766
0 0.667 0.40540540540540543 0.178 0.5765765765765766
0 0.246 0.4144144144144144 0.20800000000000002 0.5645645645645646
1 0.33 0.27627627627627627 0.04 0.06606606606606606
1 0.462 0.2057057057057057 0.052000000000000005 0.06306306306306306
1 0.671 0.23273273273273273 0.05 0.06906906906906907
2 0.251 0.25225225225225223 0.042 0.06006006006006006
2 0.672 0.14414414414414414 0.032 0.05405405405405406
2 0.467 0.15015015015015015 0.042 0.05405405405405406
2 0.593 0.15915915915915915 0.034 0.07207207207207207
2 0.6 0.24174174174174173 0.028 0.08108108108108109
5 0.371 0.6711711711711712 0.034 0.05105105105105105
