0 0.531 0.579107505070994 0.154 0.4239350912778905
0 0.27 0.7302231237322515 0.372 0.5354969574036511
0 0.775 0.48275862068965514 0.318 0.4908722109533469
0 0.334 0.42190669371196754 0.184 0.25963488843813387
1 0.729 0.26369168356997974 0.07 0.0486815415821501
1 0.369 0.31947261663286003 0.082 0.05070993914807302
1 0.546 0.3894523326572008 0.056 0.04462474645030426
1 0.375 0.49797160243407707 0.094 0.07505070993914807
2 0.64 0.4776876267748479 0.048 0.05070993914807302
2 0.583 0.513184584178499 0.046 0.032454361054766734
2 0.43 0.8073022312373225 0.044 0.032454361054766734
2 0.123 0.6592292089249493 0.074 0.056795131845841784
5 0.509 0.7768762677484787 0.07 0.032454361054766734
7 0.516 0.5993914807302231 0.124 0.3671399594320487
6 0.782 0.3793103448275862 0.296 0.17849898580121704
