0 0.41300000000000003 0.6422155688622755 0.278 0.7095808383233534
0 0.801 0.6332335329341318 0.214 0.7275449101796407
0 0.9430000000000001 0.6526946107784432 0.11 0.688622754491018
0 0.24 0.6317365269461078 0.18 0.7305389221556887
0 0.671 0.6781437125748503 0.158 0.6377245508982037
0 0.116 0.627245508982036 0.212 0.7395209580838323
1 0.804 0.32485029940119764 0.12 0.11676646706586827
1 0.9540000000000001 0.34880239520958084 0.088 0.08682634730538923
1 0.246 0.31437125748503 0.096 0.09580838323353294
1 0.055 0.28592814371257486 0.082 0.08083832335329341
1 0.673 0.4236526946107785 0.09 0.1287425149700599
