0 0.2088888888888889 0.5316666666666667 0.4222222222222222 0.9233333333333333
0 0.8044444444444444 0.5616666666666666 0.25333333333333335 0.8633333333333334
0 0.4777777777777778 0.5983333333333334 0.29777777777777775 0.7966666666666667
0 0.6744444444444444 0.5416666666666667 0.2866666666666667 0.91
1 0.7766666666666666 0.19333333333333336 0.14888888888888888 0.12000000000000001
1 0.23777777777777778 0.18833333333333335 0.24888888888888888 0.23
1 0.6055555555555555 0.17833333333333334 0.15333333333333332 0.18333333333333335
1 0.45444444444444443 0.29833333333333334 0.19333333333333333 0.19666666666666668
6 0.48 0.7250000000000001 0.29333333333333333 0.53
7 0.7888888888888889 0.665 0.22666666666666666 0.65
6 0.20555555555555555 0.6966666666666667 0.4111111111111111 0.5933333333333334
6 0.6477777777777778 0.6633333333333333 0.22 0.66
