0 0.667 0.7454268292682927 0.10200000000000001 0.49085365853658536
0 0.742 0.3155487804878049 0.124 0.38109756097560976
1 0.657 0.5350609756097561 0.042 0.06402439024390244
1 0.731 0.1600609756097561 0.034 0.04573170731707317
2 0.709 0.75 0.018000000000000002 0.03658536585365854
2 0.794 0.15853658536585366 0.02 0.03048780487804878
2 0.788 0.22560975609756098 0.02 0.03658536585365854
2 0.628 0.7454268292682927 0.012 0.039634146341463415
5 0.658 0.9481707317073171 0.032 0.04878048780487805
5 0.707 0.4878048780487805 0.046 0.03048780487804878
5 0.6930000000000001 0.9679878048780488 0.038 0.04573170731707317
