0 0.2392857142857143 0.5303571428571429 0.15000000000000002 0.8464285714285714
0 0.3416666666666667 0.47857142857142854 0.08333333333333334 0.44285714285714284
0 0.8214285714285715 0.5589285714285714 0.17142857142857143 0.8678571428571429
0 0.4535714285714286 0.48928571428571427 0.14047619047619048 0.75
0 0.6773809523809524 0.5428571428571428 0.15000000000000002 0.7857142857142857
1 0.20833333333333334 0.15 0.08333333333333334 0.09285714285714286
1 0.8035714285714286 0.16785714285714284 0.07857142857142858 0.07857142857142857
1 0.6714285714285715 0.17857142857142858 0.0761904761904762 0.06428571428571428
1 0.3404761904761905 0.2785714285714286 0.04285714285714286 0.04285714285714286
1 0.6345238095238096 0.2482142857142857 0.04047619047619048 0.06785714285714285
1 0.43690476190476196 0.14642857142857144 0.05952380952380953 0.06428571428571428
5 0.7071428571428572 0.9053571428571429 0.04285714285714286 0.060714285714285714
5 0.8488095238095239 0.975 0.06904761904761905 0.04285714285714286
5 0.9464285714285715 0.7446428571428572 0.05476190476190477 0.03214285714285714
5 0.43809523809523815 0.8160714285714286 0.05238095238095239 0.060714285714285714
5 0.49404761904761907 0.8357142857142857 0.05 0.049999999999999996
5 0.25952380952380955 0.8785714285714286 0.04285714285714286 0.04285714285714286
5 0.7761904761904762 0.9214285714285714 0.0761904761904762 0.04285714285714286
5 0.6416666666666667 0.8535714285714285 0.07857142857142858 0.04285714285714286
5 0.530952380952381 0.6839285714285714 0.02380952380952381 0.039285714285714285
5 0.3321428571428572 0.6785714285714286 0.01666666666666667 0.04285714285714286
5 0.3535714285714286 0.6803571428571429 0.02142857142857143 0.039285714285714285
5 0.24404761904761907 0.9303571428571429 0.0880952380952381 0.04642857142857143
