0 0.073 0.5421686746987953 0.138 0.47590361445783136
0 0.392 0.8614457831325302 0.24 0.27108433734939763
0 0.404 0.39608433734939763 0.1 0.14759036144578314
0 0.197 0.36596385542168675 0.074 0.24397590361445784
1 0.466 0.858433734939759 0.07200000000000001 0.11445783132530121
1 0.08600000000000001 0.3493975903614458 0.028 0.030120481927710843
1 0.397 0.33433734939759036 0.026000000000000002 0.024096385542168676
1 0.22 0.2560240963855422 0.02 0.01807228915662651
5 0.066 0.7650602409638555 0.044 0.024096385542168676
5 0.023 0.6837349397590362 0.034 0.042168674698795185
7 0.073 0.5436746987951807 0.134 0.4789156626506024
5 0.20400000000000001 0.4743975903614458 0.036000000000000004 0.021084337349397592
