0 0.659 0.692 0.10200000000000001 0.4453333333333333
0 0.487 0.7 0.114 0.42933333333333334
0 0.055 0.74 0.114 0.5146666666666666
0 0.887 0.7013333333333334 0.222 0.592
0 0.198 0.688 0.12 0.45866666666666667
0 0.8200000000000001 0.708 0.124 0.4933333333333333
0 0.36 0.7293333333333333 0.116 0.536
0 0.28500000000000003 0.6759999999999999 0.082 0.4026666666666667
5 0.788 0.94 0.06 0.024
5 0.23600000000000002 0.884 0.04 0.034666666666666665
5 0.528 0.9 0.028 0.029333333333333333
5 0.654 0.9 0.048 0.029333333333333333
5 0.47200000000000003 0.896 0.032 0.026666666666666665
5 0.161 0.9039999999999999 0.038 0.032
5 0.292 0.856 0.036000000000000004 0.021333333333333333
5 0.624 0.888 0.044 0.021333333333333333
