0 0.6944444444444444 0.6455479452054794 0.12222222222222222 0.6541095890410958
0 0.29333333333333333 0.7140410958904109 0.19111111111111112 0.5171232876712328
1 0.6755555555555556 0.3544520547945205 0.06222222222222222 0.07876712328767123
1 0.36 0.4948630136986301 0.05333333333333333 0.07191780821917808
2 0.72 0.7037671232876712 0.026666666666666665 0.05136986301369863
2 0.6466666666666666 0.45890410958904104 0.03111111111111111 0.04794520547945205
5 0.6977777777777778 0.9486301369863013 0.06222222222222222 0.0410958904109589
5 0.23555555555555555 0.9520547945205479 0.07111111111111111 0.0410958904109589
5 0.67 0.9160958904109588 0.042222222222222223 0.030821917808219176
7 0.6977777777777778 0.6763698630136986 0.1111111111111111 0.5171232876712328
7 0.27555555555555555 0.7243150684931506 0.1511111111111111 0.4417808219178082
7 0.29555555555555557 0.7140410958904109 0.2 0.5171232876712328
7 0.6955555555555556 0.6404109589041096 0.12444444444444444 0.6575342465753424
2 0.3388888888888889 0.7243150684931506 0.03777777777777778 0.04452054794520548
