0 0.399 0.5754504504504504 0.526 0.8445945945945946
0 0.115 0.4814189189189189 0.21 0.4403153153153153
0 0.801 0.6041666666666666 0.298 0.41103603603603606
1 0.458 0.21227477477477477 0.232 0.11824324324324324
1 0.757 0.42117117117117114 0.11 0.04279279279279279
1 0.068 0.294481981981982 0.116 0.0686936936936937
5 0.438 0.9358108108108109 0.188 0.04504504504504504
5 0.163 0.6852477477477478 0.082 0.03490990990990991
5 0.756 0.7781531531531531 0.052000000000000005 0.02927927927927928
5 0.912 0.7849099099099099 0.076 0.033783783783783786
6 0.358 0.4814189189189189 0.40800000000000003 0.36824324324324326
