0 0.805 0.543026706231454 0.226 0.9020771513353116
0 0.5650000000000001 0.5786350148367952 0.226 0.8367952522255193
0 0.41300000000000003 0.6246290801186943 0.166 0.7448071216617211
0 0.185 0.6053412462908012 0.322 0.7833827893175075
1 0.753 0.16023738872403562 0.122 0.13056379821958458
1 0.263 0.2596439169139466 0.08600000000000001 0.09198813056379822
1 0.546 0.2166172106824926 0.092 0.10089020771513353
1 0.434 0.31750741839762614 0.08 0.13056379821958458
1 0.651 0.24777448071216618 0.078 0.08011869436201781
7 0.5660000000000001 0.5637982195845698 0.224 0.5163204747774481
