0 0.45875 0.5383333333333333 0.47250000000000003 0.6966666666666667
0 0.5125 0.5466666666666667 0.23500000000000001 0.42000000000000004
1 0.3725 0.30333333333333334 0.14 0.2066666666666667
1 0.46 0.4066666666666667 0.09 0.13333333333333333
2 0.44625000000000004 0.5483333333333333 0.0675 0.07
2 0.6675 0.22666666666666668 0.065 0.08
5 0.32875 0.8500000000000001 0.0525 0.07333333333333333
5 0.44625000000000004 0.7200000000000001 0.0675 0.08
5 0.5225 0.6950000000000001 0.08 0.06333333333333334
5 0.385 0.7716666666666667 0.06 0.08333333333333334
7 0.51125 0.5366666666666667 0.23750000000000002 0.38
7 0.405 0.5066666666666667 0.35000000000000003 0.6266666666666667
