0 0.10300000000000001 0.604 0.20600000000000002 0.7866666666666666
0 0.68 0.6453333333333333 0.152 0.704
0 0.272 0.628 0.136 0.7333333333333333
0 0.861 0.62 0.17 0.6266666666666666
0 0.591 0.588 0.10200000000000001 0.5733333333333334
0 0.9390000000000001 0.66 0.11800000000000001 0.6746666666666666
1 0.108 0.268 0.152 0.11466666666666667
1 0.27 0.3 0.096 0.07733333333333334
1 0.9440000000000001 0.368 0.07200000000000001 0.09066666666666666
2 0.325 0.508 0.026000000000000002 0.056
5 0.808 0.852 0.064 0.04
5 0.883 0.9093333333333333 0.034 0.048
5 0.298 0.9493333333333333 0.056 0.048
5 0.023 0.86 0.042 0.034666666666666665
5 0.593 0.852 0.05 0.04533333333333333
5 0.5700000000000001 0.8133333333333334 0.048 0.032
5 0.261 0.9893333333333333 0.07 0.016
