0 0.7575000000000001 0.330188679245283 0.12 0.2679245283018868
0 0.23125 0.7622641509433963 0.1475 0.2792452830188679
0 0.46875 0.569811320754717 0.14250000000000002 0.2792452830188679
1 0.76125 0.21132075471698114 0.0275 0.03018867924528302
1 0.22875 0.6433962264150943 0.0275 0.033962264150943396
1 0.47375 0.4528301886792453 0.0275 0.04528301886792453
5 0.40875 0.6943396226415094 0.0175 0.03018867924528302
5 0.1675 0.8811320754716981 0.02 0.033962264150943396
5 0.735 0.44716981132075473 0.025 0.026415094339622643
5 0.19875 0.8528301886792453 0.0125 0.03018867924528302
5 0.4475 0.6641509433962264 0.015 0.03018867924528302
5 0.71375 0.4547169811320755 0.0175 0.026415094339622643
7 0.75125 0.3433962264150943 0.1125 0.2339622641509434
7 0.4675 0.5811320754716981 0.135 0.2339622641509434
7 0.22375 0.769811320754717 0.1325 0.2188679245283019
