0 0.3654320987654321 0.6037037037037037 0.1876543209876543 0.5259259259259259
0 0.837037037037037 0.6351851851851852 0.21728395061728395 0.7148148148148148
0 0.48148148148148145 0.5537037037037037 0.11851851851851852 0.4481481481481482
0 0.691358024691358 0.6185185185185186 0.09876543209876543 0.5555555555555556
0 0.6037037037037037 0.5777777777777778 0.1111111111111111 0.3851851851851852
1 0.6901234567901234 0.362962962962963 0.046913580246913576 0.05185185185185186
1 0.8567901234567901 0.3148148148148148 0.08395061728395062 0.07407407407407407
1 0.40987654320987654 0.3703703703703704 0.04938271604938271 0.044444444444444446
1 0.4901234567901234 0.35000000000000003 0.037037037037037035 0.040740740740740744
1 0.6160493827160494 0.41111111111111115 0.037037037037037035 0.037037037037037035
5 0.3395061728395062 0.85 0.027160493827160494 0.03333333333333333
5 0.7024691358024692 0.875925925925926 0.027160493827160494 0.04814814814814815
5 0.7703703703703704 0.9166666666666667 0.07407407407407407 0.040740740740740744
5 0.6703703703703704 0.8148148148148149 0.04197530864197531 0.02962962962962963
5 0.41358024691358025 0.825925925925926 0.03209876543209877 0.02962962962962963
5 0.8382716049382716 0.9592592592592593 0.037037037037037035 0.05925925925925926
5 0.5654320987654321 0.7611111111111112 0.0345679012345679 0.02592592592592593
5 0.49135802469135803 0.7444444444444445 0.02962962962962963 0.044444444444444446
5 0.6160493827160494 0.7611111111111112 0.022222222222222223 0.02592592592592593
5 0.4382716049382716 0.762962962962963 0.027160493827160494 0.02962962962962963
5 0.49382716049382713 0.7518518518518519 0.024691358024691357 0.02962962962962963
