0 0.34140625 0.540625 0.0859375 0.41875
0 0.5234375 0.53125 0.109375 0.49062500000000003
0 0.40078125000000003 0.5164062500000001 0.0703125 0.33906250000000004
0 0.45156250000000003 0.5015625 0.053125000000000006 0.265625
0 0.5703125 0.49843750000000003 0.06875 0.43125
1 0.33828125000000003 0.3515625 0.035937500000000004 0.040625
1 0.3953125 0.3671875 0.028125 0.040625
1 0.5578125 0.31015625 0.034375 0.051562500000000004
1 0.5203125000000001 0.30703125000000003 0.037500000000000006 0.0421875
1 0.4390625 0.3828125 0.025 0.025
5 0.5171875 0.76328125 0.025 0.026562500000000003
5 0.46406250000000004 0.6046875 0.018750000000000003 0.028125
5 0.3984375 0.6734375 0.021875000000000002 0.021875000000000002
5 0.4390625 0.6257812500000001 0.015625 0.0140625
5 0.34218750000000003 0.7359375 0.021875000000000002 0.025
5 0.5421875 0.7421875 0.018750000000000003 0.034375
5 0.42031250000000003 0.6796875 0.018750000000000003 0.015625
5 0.5734375 0.6453125000000001 0.018750000000000003 0.015625
5 0.35703125 0.7140625 0.0171875 0.025
