0 0.328125 0.49843750000000003 0.41875 0.9968750000000001
0 0.753125 0.5421875 0.31875000000000003 0.878125
0 0.18828125 0.5789062500000001 0.06406250000000001 0.1953125
0 0.5953125 0.540625 0.240625 0.821875
0 0.2390625 0.5953125 0.05 0.21250000000000002
1 0.3046875 0.07890625000000001 0.1125 0.1546875
1 0.7109375 0.21328125 0.146875 0.22031250000000002
1 0.5984375000000001 0.2015625 0.08750000000000001 0.146875
1 0.17343750000000002 0.49531250000000004 0.021875000000000002 0.025
2 0.27890625 0.4890625 0.060937500000000006 0.1
2 0.6390625000000001 0.6468750000000001 0.08125 0.1125
2 0.6921875000000001 0.5796875 0.043750000000000004 0.05
5 0.75 0.9578125000000001 0.059375000000000004 0.05
5 0.7039062500000001 0.8953125000000001 0.0421875 0.065625
5 0.45625000000000004 0.96640625 0.09062500000000001 0.06406250000000001
5 0.3953125 0.9640625 0.037500000000000006 0.065625
7 0.32578125 0.57265625 0.4140625 0.7578125
7 0.1796875 0.5890625 0.05625 0.140625
7 0.2328125 0.6039062500000001 0.043750000000000004 0.15781250000000002
