0 0.1609375 0.4921875 0.16562500000000002 0.784375
0 0.76953125 0.6414062500000001 0.1265625 0.5671875000000001
0 0.6359375 0.5484375 0.15000000000000002 0.51875
0 0.47265625 0.4890625 0.13593750000000002 0.628125
0 0.584375 0.49531250000000004 0.109375 0.496875
0 0.31328125 0.51015625 0.1265625 0.5953125
0 0.39140625 0.4546875 0.1203125 0.44375000000000003
1 0.7828125 0.3953125 0.053125000000000006 0.06875
1 0.4734375 0.2234375 0.046875 0.09062500000000001
1 0.39687500000000003 0.2609375 0.034375 0.043750000000000004
1 0.31640625 0.24765625000000002 0.045312500000000006 0.0671875
1 0.16875 0.14453125 0.059375000000000004 0.0890625
1 0.6046875 0.2890625 0.043750000000000004 0.08125
2 0.2609375 0.571875 0.018750000000000003 0.040625
2 0.6671875 0.6359375 0.025 0.05625
2 0.36015625 0.5476562500000001 0.029687500000000002 0.035937500000000004
2 0.115625 0.5609375 0.028125 0.0625
2 0.7757812500000001 0.4453125 0.035937500000000004 0.040625
2 0.525 0.50390625 0.025 0.0234375
2 0.11406250000000001 0.5484375 0.028125 0.08750000000000001
2 0.578125 0.43593750000000003 0.021875000000000002 0.03125
2 0.7984375 0.7234375000000001 0.025 0.040625
5 0.49843750000000003 0.74375 0.037500000000000006 0.115625
5 0.28125 0.75390625 0.03125 0.1015625
5 0.2171875 0.7765625 0.040625 0.08750000000000001
5 0.44062500000000004 0.74765625 0.043750000000000004 0.1078125
5 0.35703125 0.7515625 0.029687500000000002 0.109375
5 0.1328125 0.8234375 0.043750000000000004 0.125
5 0.6109375 0.7039062500000001 0.028125 0.07968750000000001
5 0.5515625000000001 0.6984375 0.043750000000000004 0.08750000000000001
5 0.6609375000000001 0.765625 0.037500000000000006 0.040625
5 0.7820312500000001 0.8921875 0.026562500000000003 0.028125
5 0.68515625 0.78125 0.0484375 0.05625
6 0.46406250000000004 0.4109375 0.125 0.26875
6 0.15390625000000002 0.3671875 0.1484375 0.3125
6 0.4703125 0.41015625 0.13125 0.2609375
3 0.7757812500000001 0.44765625000000003 0.0390625 0.0421875
6 0.30781250000000004 0.45937500000000003 0.109375 0.253125
6 0.3984375 0.40390625 0.06875 0.2078125
6 0.59765625 0.43281250000000004 0.0859375 0.19687500000000002
6 0.7671875 0.58203125 0.109375 0.2484375
7 0.66015625 0.5671875000000001 0.1015625 0.36562500000000003
