0 0.63203125 0.6046875 0.2484375 0.784375
0 0.08203125 0.47968750000000004 0.1640625 0.68125
0 0.4703125 0.5421875 0.1625 0.90625
0 0.3328125 0.5632812500000001 0.15000000000000002 0.6546875000000001
0 0.225 0.515625 0.13125 0.6125
1 0.3453125 0.27890625 0.059375000000000004 0.0859375
1 0.0765625 0.1859375 0.059375000000000004 0.09375
1 0.47968750000000004 0.1375 0.06875 0.09375
1 0.66328125 0.2734375 0.0859375 0.12187500000000001
1 0.2171875 0.2609375 0.05 0.1
2 0.010937500000000001 0.5015625 0.021875000000000002 0.05
2 0.1296875 0.5140625 0.021875000000000002 0.05
2 0.7203125 0.74140625 0.065625 0.1921875
2 0.4140625 0.58203125 0.021875000000000002 0.09531250000000001
2 0.17578125 0.49843750000000003 0.0203125 0.08750000000000001
2 0.5015625 0.625 0.034375 0.10312500000000001
5 0.42265625 0.9265625000000001 0.0671875 0.05
5 0.11406250000000001 0.75 0.040625 0.125
5 0.035937500000000004 0.7484375000000001 0.053125000000000006 0.140625
5 0.48750000000000004 0.96015625 0.0625 0.0765625
5 0.37031250000000004 0.8484375000000001 0.034375 0.078125
5 0.3046875 0.8132812500000001 0.053125000000000006 0.0671875
5 0.24453125 0.78515625 0.035937500000000004 0.0703125
5 0.19140625 0.7703125000000001 0.06406250000000001 0.08750000000000001
6 0.4546875 0.40156250000000004 0.12812500000000002 0.31562500000000004
6 0.2171875 0.4234375 0.109375 0.21250000000000002
6 0.6265625 0.6203125 0.240625 0.47187500000000004
6 0.08203125 0.39140625 0.1640625 0.2828125
6 0.47890625000000003 0.41718750000000004 0.1453125 0.340625
6 0.35078125000000004 0.5015625 0.0890625 0.296875
