0 0.30000000000000004 0.50703125 0.278125 0.9734375000000001
0 0.703125 0.515625 0.40937500000000004 0.9656250000000001
1 0.6796875 0.07187500000000001 0.06875 0.078125
1 0.31640625 0.06406250000000001 0.0671875 0.09062500000000001
2 0.19140625 0.5007812500000001 0.0546875 0.0890625
2 0.88203125 0.3359375 0.045312500000000006 0.059375000000000004
2 0.5234375 0.08515625 0.05 0.08281250000000001
2 0.41328125000000004 0.16640625 0.0484375 0.09531250000000001
5 0.20703125 0.9453125 0.07968750000000001 0.09062500000000001
5 0.66953125 0.95078125 0.0765625 0.09531250000000001
5 0.31328125 0.9382812500000001 0.1078125 0.0890625
5 0.7609375 0.9546875 0.05 0.08750000000000001
7 0.7109375 0.5140625 0.384375 0.83125
7 0.2828125 0.53515625 0.25 0.7984375
