0 0.5640625 0.61640625 0.275 0.6078125000000001
0 0.7757812500000001 0.61328125 0.2390625 0.6984375
0 0.28125 0.5625 0.36875 0.7250000000000001
1 0.5640625 0.33906250000000004 0.1 0.05625
1 0.37812500000000004 0.3203125 0.10625000000000001 0.065625
5 0.3640625 0.90625 0.09375 0.028125
5 0.48281250000000003 0.8921875 0.10625000000000001 0.043750000000000004
5 0.65390625 0.89453125 0.09531250000000001 0.045312500000000006
5 0.7265625 0.9078125 0.09375 0.037500000000000006
5 0.7703125000000001 0.9359375000000001 0.065625 0.05
1 0.7132812500000001 0.30078125 0.1171875 0.0671875
6 0.3171875 0.46640625 0.21250000000000002 0.22968750000000002
6 0.55 0.5015625 0.225 0.19062500000000002
6 0.7859375000000001 0.47578125000000004 0.215625 0.2265625
