0 0.5015625 0.8234375 0.184375 0.340625
0 0.22578125000000002 0.6828125 0.1796875 0.41875
0 0.675 0.6953125 0.15000000000000002 0.51875
0 0.50390625 0.5875 0.0703125 0.16562500000000002
1 0.6953125 0.46406250000000004 0.05 0.05625
1 0.27265625 0.5046875000000001 0.0390625 0.059375000000000004
1 0.5078125 0.51875 0.028125 0.025
1 0.4234375 0.7289062500000001 0.034375 0.0859375
2 0.28828125 0.6890625 0.0203125 0.03125
2 0.6390625000000001 0.7390625000000001 0.043750000000000004 0.05
2 0.48281250000000003 0.9015625 0.034375 0.06875
5 0.2890625 0.8609375 0.05 0.059375000000000004
5 0.6101562500000001 0.8734375000000001 0.0390625 0.043750000000000004
5 0.6882812500000001 0.9164062500000001 0.0421875 0.0765625
7 0.525 0.8234375 0.140625 0.3375
7 0.6796875 0.7359375 0.140625 0.41875
7 0.22031250000000002 0.69453125 0.1625 0.37031250000000004
7 0.22578125000000002 0.6828125 0.1796875 0.415625
