0 0.5359375000000001 0.48203125 0.3375 0.5953125
1 0.5296875 0.21406250000000002 0.13125 0.059375000000000004
2 0.4234375 0.540625 0.065625 0.05625
2 0.6843750000000001 0.5046875000000001 0.037500000000000006 0.053125000000000006
5 0.6171875 0.7046875 0.109375 0.146875
7 0.5328125 0.47968750000000004 0.328125 0.38125000000000003
7 0.5359375000000001 0.48203125 0.340625 0.5953125
7 0.5328125 0.39765625000000004 0.325 0.2171875
3 0.54140625 0.2671875 0.1046875 0.053125000000000006
5 0.50390625 0.69140625 0.0859375 0.1234375
